50 70 62 
42 50 62 
39 22 23 
23 40 39 
22 5 6 
6 23 22 
5 1 2 
2 6 5 
62 40 42 
42 45 50 
40 23 24 
24 42 40 
23 6 8 
8 24 23 
6 2 3 
3 8 6 
45 42 52 
52 51 45 
42 24 41 
41 52 42 
24 8 18 
18 41 24 
8 3 7 
7 18 8 
51 52 72 
72 71 51 
52 41 63 
63 72 52 
41 18 32 
32 63 41 
18 7 17 
17 32 18 
71 72 89 
89 88 71 
72 63 79 
79 89 72 
63 32 53 
53 79 63 
32 17 31 
31 53 32 
108 88 89 
108 107 88 
89 79 80 
80 96 89 
79 53 54 
54 80 79 
53 31 46 
46 54 53 
89 96 108 
124 107 108 
96 80 81 
97 108 96 
80 54 55 
55 81 80 
54 46 47 
47 55 54 
96 83 97 
83 98 97 
96 81 82 
96 82 83 
81 55 56 
56 82 81 
55 47 48 
48 56 55 
98 83 84 
84 99 98 
83 82 64 
64 84 83 
82 56 57 
57 64 82 
56 48 49 
49 57 56 
99 84 85 
85 100 99 
84 64 65 
65 85 84 
64 57 34 
34 65 64 
57 49 33 
33 34 57 
100 85 74 
74 91 100 
85 65 59 
59 74 85 
65 34 30 
30 59 65 
34 33 27 
27 30 34 
91 74 73 
73 90 91 
74 59 58 
58 73 74 
59 30 29 
29 58 59 
30 27 26 
26 29 30 
108 97 115 
124 123 107 
97 98 116 
116 115 97 
98 99 117 
117 116 98 
99 100 118 
118 117 99 
100 91 119 
119 118 100 
91 90 106 
106 119 91 
108 115 124 
147 146 123 
115 116 130 
130 124 115 
116 117 131 
131 130 116 
117 118 132 
132 131 117 
118 119 133 
133 132 118 
119 106 125 
125 133 119 
123 124 147 
147 161 146 
124 130 154 
154 147 124 
130 131 155 
155 154 130 
131 132 156 
156 155 131 
132 133 157 
157 156 132 
133 125 148 
148 157 133 
161 147 177 
177 186 161 
147 154 167 
167 177 147 
154 155 168 
168 167 154 
155 156 169 
169 168 155 
156 157 170 
170 169 156 
157 148 162 
162 170 157 
177 196 186 
204 186 196 
177 167 197 
197 196 177 
167 168 198 
198 197 167 
168 169 199 
199 198 168 
169 170 200 
200 199 169 
170 162 187 
187 200 170 
196 208 204 
204 208 220 
208 196 197 
197 219 208 
197 198 209 
209 219 197 
198 199 210 
210 209 198 
199 200 211 
211 210 199 
200 187 205 
205 211 200 
235 220 208 
241 240 220 
208 219 225 
225 235 208 
219 209 226 
226 225 219 
209 210 227 
227 226 209 
210 211 228 
228 227 210 
211 205 221 
221 228 211 
241 220 235 
252 251 240 
235 225 242 
235 242 241 
225 226 243 
243 242 225 
226 227 244 
244 243 226 
227 228 245 
245 244 227 
228 221 236 
236 245 228 
240 241 252 
267 266 251 
259 241 242 
242 260 259 
260 242 243 
243 265 260 
243 244 261 
261 265 243 
244 245 262 
262 261 244 
245 236 253 
253 262 245 
241 259 252 
267 268 266 
259 260 273 
259 273 252 
274 260 265 
260 274 273 
275 265 261 
265 275 274 
261 262 277 
261 277 275 
262 253 270 
270 277 262 
272 251 252 
282 280 268 
272 252 273 
273 285 272 
286 273 274 
286 285 273 
274 275 287 
287 286 274 
275 277 288 
288 287 275 
277 270 281 
281 288 277 
251 272 267 
280 283 269 
272 285 267 
268 285 282 
293 285 286 
268 267 285 
286 287 294 
286 294 293 
287 288 295 
295 294 287 
288 281 291 
291 295 288 
283 280 282 
276 269 283 
285 293 282 
282 296 283 
296 282 293 
293 301 296 
301 293 294 
294 305 301 
294 295 302 
302 305 294 
295 291 299 
299 302 295 
276 283 289 
289 278 276 
283 296 297 
297 289 283 
303 296 301 
303 297 296 
301 305 308 
308 303 301 
305 302 309 
309 308 305 
302 299 306 
306 309 302 
278 289 290 
290 279 278 
289 297 298 
298 290 289 
297 303 304 
304 298 297 
303 308 310 
310 304 303 
308 309 313 
313 310 308 
309 306 311 
311 313 309 
279 290 284 
284 271 279 
290 298 292 
292 284 290 
298 304 300 
300 292 298 
304 310 307 
307 300 304 
310 313 312 
312 307 310 
313 311 314 
314 312 313 
181 189 188 
188 182 181 
189 217 212 
212 188 189 
217 230 229 
229 212 217 
230 250 246 
246 229 230 
250 257 258 
258 246 250 
256 269 276 
276 258 257 
182 188 190 
190 183 182 
188 212 213 
213 190 188 
212 229 231 
231 213 212 
229 246 247 
247 231 229 
246 258 263 
263 247 246 
258 276 278 
278 263 258 
183 190 184 
184 179 183 
190 213 214 
214 184 190 
213 231 232 
232 214 213 
231 247 248 
248 232 231 
247 263 264 
264 248 247 
263 278 279 
279 264 263 
180 179 184 
184 185 180 
184 214 203 
203 185 184 
214 232 222 
222 203 214 
232 248 237 
237 222 232 
248 264 254 
254 237 248 
264 279 271 
271 254 264 
141 139 143 
150 141 143 
143 151 178 
143 178 172 
178 176 193 
172 178 193 
193 202 216 
218 233 216 
207 224 218 
233 218 224 
224 207 206 
206 223 224 
143 172 150 
150 149 141 
194 172 193 
171 150 172 
193 216 194 
172 194 171 
234 216 233 
215 194 216 
239 233 224 
233 239 234 
239 224 223 
223 238 239 
149 150 164 
164 163 149 
164 150 171 
171 195 164 
195 171 194 
194 215 195 
216 234 215 
230 215 234 
249 234 239 
239 256 249 
256 239 238 
238 255 256 
163 164 189 
189 181 163 
217 189 195 
164 195 189 
230 217 215 
195 215 217 
250 230 249 
234 249 230 
249 256 257 
257 250 249 
256 255 269 
276 257 256 
104 110 111 
111 109 104 
110 135 134 
134 111 110 
135 159 158 
158 134 135 
159 160 173 
173 158 159 
160 145 166 
166 173 160 
145 140 144 
144 166 145 
109 111 127 
127 126 109 
111 134 136 
136 127 111 
134 158 152 
152 136 134 
158 173 174 
174 152 158 
173 166 192 
201 174 173 
166 144 165 
165 192 166 
126 127 151 
151 142 126 
127 136 153 
153 151 127 
153 136 152 
152 175 153 
175 152 174 
174 202 175 
173 192 201 
202 174 201 
192 165 191 
207 201 192 
142 151 143 
143 139 142 
151 153 176 
176 178 151 
193 176 175 
153 175 176 
202 218 216 
175 202 193 
207 218 201 
202 201 218 
206 207 191 
192 191 207 
60 61 76 
76 75 60 
61 69 77 
77 76 61 
77 69 78 
78 101 77 
101 78 86 
86 102 101 
102 86 87 
87 95 102 
95 87 70 
70 94 95 
75 76 93 
93 92 75 
76 77 103 
103 93 76 
103 77 101 
101 120 103 
120 101 102 
102 121 120 
121 102 95 
95 113 121 
113 95 94 
94 112 113 
92 93 114 
114 105 92 
93 103 122 
122 114 93 
122 103 120 
120 137 122 
137 120 121 
121 138 137 
138 121 113 
113 129 138 
129 113 112 
112 128 129 
105 114 110 
110 104 105 
114 122 135 
135 110 114 
159 135 137 
122 137 135 
160 159 138 
137 138 159 
145 160 129 
138 129 160 
140 145 128 
129 128 145 
11 12 16 
16 15 11 
12 13 19 
19 16 12 
13 14 20 
20 19 13 
14 9 21 
21 20 14 
9 4 10 
10 21 9 
4 1 5 
5 10 4 
15 16 35 
35 28 15 
16 19 43 
43 35 16 
19 20 44 
44 43 19 
20 21 38 
38 44 20 
21 10 25 
25 38 21 
10 5 22 
22 25 10 
28 35 37 
37 36 28 
35 43 66 
66 37 35 
43 44 67 
67 66 43 
44 38 68 
68 67 44 
25 39 38 
38 39 68 
25 22 39 
62 68 39 
36 37 61 
61 60 36 
37 66 69 
69 61 37 
66 67 78 
78 69 66 
67 68 86 
86 78 67 
86 68 87 
62 87 68 
39 40 62 
70 87 62 
