151 150 961 
10 545 9 
4 548 3 
781 798 799 
549 433 548 
800 797 819 
547 548 5 
820 4 3 
839 840 825 
820 2 819 
793 791 792 
546 8 545 
839 824 790 
544 552 551 
6 5 822 
12 13 543 
829 6 822 
553 425 552 
829 828 9 
14 542 543 
11 828 827 
543 13 14 
7 829 8 
1164 17 18 
10 9 828 
539 23 538 
831 13 830 
12 827 830 
540 1163 20 
1158 406 561 
16 17 1164 
18 19 1164 
831 14 13 
831 15 14 
832 16 831 
1163 1164 19 
834 20 19 
833 17 832 
833 834 18 
447 451 530 
74 75 632 
452 455 453 
835 20 834 
1101 1102 1100 
22 21 835 
384 385 1134 
441 440 443 
1119 1130 1118 
641 642 645 
835 23 22 
645 42 43 
20 835 21 
437 30 436 
24 835 25 
36 30 31 
835 834 28 
29 30 437 
27 26 835 
436 37 38 
833 837 834 
36 31 35 
833 18 17 
32 35 31 
837 30 29 
32 33 34 
32 837 836 
35 32 34 
17 16 832 
822 5 4 
12 830 13 
838 840 34 
37 30 36 
34 840 842 
436 30 37 
842 37 36 
437 438 27 
439 26 438 
39 642 38 
645 642 42 
39 38 37 
645 640 641 
842 36 35 
845 846 43 
37 842 841 
640 46 47 
645 43 44 
785 790 784 
42 41 845 
789 844 785 
436 445 446 
845 841 843 
646 48 49 
42 845 43 
647 646 49 
44 846 847 
51 647 50 
47 848 849 
51 52 647 
789 850 849 
638 652 637 
53 852 54 
847 848 46 
62 982 856 
445 38 642 
51 851 852 
529 439 444 
852 52 51 
441 447 1180 
1126 393 394 
397 1123 396 
852 53 52 
657 658 59 
853 55 54 
657 62 655 
849 850 851 
59 658 58 
47 849 48 
654 658 657 
56 55 853 
660 63 64 
58 57 854 
65 660 64 
59 855 60 
1131 488 1133 
61 60 982 
391 1127 390 
61 982 62 
376 1111 1113 
979 62 856 
633 662 663 
63 979 64 
69 70 661 
977 67 978 
661 633 634 
64 979 978 
662 661 70 
66 65 978 
625 88 624 
860 72 976 
1117 1135 457 
614 97 613 
976 858 859 
669 86 87 
1178 479 480 
858 976 69 
1126 392 393 
861 74 860 
976 72 71 
67 977 68 
1099 1102 1152 
630 79 629 
568 484 485 
75 74 861 
478 1178 1154 
75 862 76 
328 329 1101 
80 864 865 
860 73 72 
77 76 862 
1141 1097 1142 
78 864 79 
318 532 491 
286 287 285 
275 276 1089 
862 864 78 
284 287 288 
865 866 82 
282 283 281 
94 93 90 
283 1085 1087 
866 867 84 
1087 278 279 
85 867 86 
1084 574 1083 
87 86 869 
508 581 507 
869 88 87 
511 518 512 
89 88 95 
1074 1075 575 
94 90 89 
247 248 249 
91 90 93 
1054 586 1052 
141 142 1031 
229 1052 1051 
91 523 92 
869 867 98 
865 81 80 
866 84 83 
95 96 671 
94 89 95 
133 676 132 
671 96 614 
675 108 109 
95 869 96 
674 121 673 
869 97 96 
611 103 672 
869 98 97 
672 610 611 
868 98 867 
120 674 675 
83 82 866 
107 675 674 
100 868 101 
119 675 118 
81 865 82 
113 115 112 
102 870 103 
111 117 110 
871 862 861 
117 111 116 
77 862 78 
675 117 118 
105 863 871 
112 115 116 
75 861 862 
115 113 114 
860 74 73 
111 112 116 
70 976 71 
117 675 110 
109 108 873 
121 674 120 
873 110 109 
122 673 121 
69 68 977 
854 57 853 
977 858 69 
974 966 880 
673 122 610 
116 115 968 
672 673 610 
117 116 126 
609 610 122 
117 126 118 
104 672 103 
124 120 119 
119 118 125 
132 676 131 
131 609 130 
524 121 120 
100 101 611 
122 129 130 
100 611 612 
124 128 524 
123 122 121 
125 525 127 
524 123 121 
125 127 526 
119 125 124 
966 968 969 
118 126 125 
128 526 973 
526 128 124 
971 127 525 
129 123 524 
971 972 973 
123 129 122 
881 964 880 
609 131 676 
880 965 974 
99 613 98 
130 964 131 
607 676 134 
975 881 882 
97 614 96 
975 131 964 
95 671 94 
975 882 134 
607 135 606 
136 135 882 
606 135 136 
679 677 678 
601 602 605 
1031 1032 139 
137 136 138 
1031 678 677 
882 135 134 
143 678 142 
136 883 138 
680 147 148 
138 883 139 
679 146 680 
969 967 879 
680 681 600 
140 884 141 
146 679 682 
963 884 885 
969 879 966 
963 144 143 
888 145 885 
140 141 1031 
146 682 888 
599 1033 1034 
962 148 147 
160 1034 1036 
151 152 153 
151 153 1203 
150 151 1203 
149 148 962 
150 962 961 
889 962 146 
153 152 154 
890 960 961 
160 1035 1034 
1033 154 1034 
157 158 1036 
155 157 1036 
156 157 155 
152 1202 154 
940 941 173 
1202 155 154 
950 159 949 
953 891 892 
949 951 893 
1036 159 160 
157 156 951 
598 1035 162 
163 1037 162 
164 1037 163 
949 159 158 
681 149 1203 
159 950 160 
165 166 1039 
893 894 937 
1037 165 1039 
937 936 164 
681 680 148 
936 935 167 
596 597 1039 
165 167 166 
169 1041 168 
950 161 160 
595 169 170 
165 164 936 
595 171 1042 
938 935 934 
1051 227 228 
172 939 173 
1055 1071 585 
938 170 169 
177 1044 176 
935 938 168 
176 1044 1045 
168 938 169 
1044 177 178 
172 171 939 
582 518 507 
943 941 942 
1057 224 225 
943 175 174 
1055 1056 238 
175 943 176 
1057 225 1050 
944 177 176 
589 1047 588 
944 178 177 
1193 212 213 
945 179 178 
1193 218 219 
180 945 181 
589 590 182 
181 184 182 
217 218 1193 
1195 1200 1194 
1193 1049 212 
187 1199 186 
184 183 182 
1199 185 186 
181 185 184 
1194 1200 203 
185 181 945 
1198 1196 1197 
945 178 944 
1197 188 1198 
185 946 186 
190 191 1198 
947 187 946 
952 953 892 
188 187 947 
930 942 896 
192 193 1196 
942 930 190 
1197 1196 1195 
931 930 929 
1196 191 192 
1201 194 193 
195 1200 1196 
194 1201 195 
200 201 196 
197 198 200 
199 200 198 
928 1201 929 
196 195 1201 
202 195 196 
197 200 196 
897 898 927 
902 923 924 
925 199 901 
202 196 201 
925 203 201 
1200 195 202 
201 200 925 
202 201 203 
1194 205 209 
1197 1199 187 
204 203 925 
205 206 209 
898 687 902 
207 209 206 
221 1193 220 
208 209 207 
902 925 901 
205 1194 204 
213 208 214 
1049 211 212 
210 1194 209 
204 1194 203 
209 208 210 
211 210 208 
212 211 213 
214 217 213 
213 211 208 
1193 213 217 
207 923 926 
214 215 217 
926 214 208 
215 216 217 
208 207 926 
922 903 904 
923 206 924 
1048 221 222 
228 921 229 
222 223 1048 
912 905 907 
585 1071 1058 
912 217 216 
224 1057 1047 
219 218 919 
1047 1057 588 
1050 225 226 
224 1048 223 
221 220 222 
919 220 219 
920 222 220 
224 223 225 
920 223 222 
227 1051 1050 
226 225 223 
229 1051 228 
920 220 919 
1069 241 242 
1056 237 238 
1055 240 1071 
920 226 223 
1053 231 232 
921 227 920 
232 233 1053 
905 215 926 
912 913 919 
228 227 921 
234 235 1053 
236 237 1056 
233 234 1053 
703 914 909 
1066 1068 1067 
216 905 912 
583 584 1070 
230 229 921 
590 591 179 
234 236 235 
1067 1068 583 
914 917 918 
1045 175 176 
234 916 236 
257 258 1171 
236 704 1030 
517 514 513 
237 1030 238 
246 247 1065 
238 706 239 
1062 255 256 
240 239 706 
254 255 1062 
241 706 707 
244 243 242 
241 707 242 
1063 1064 1065 
244 242 707 
254 1062 1063 
250 1190 1192 
1065 1192 1063 
1030 706 238 
1190 253 1192 
705 706 1030 
1190 250 251 
708 247 246 
250 249 248 
251 1029 711 
257 1061 256 
1077 1080 260 
259 513 1171 
709 1029 708 
264 1094 1081 
690 698 710 
592 1046 1045 
719 721 722 
173 1046 1042 
712 713 252 
512 1080 511 
1025 1027 714 
1045 1044 592 
715 257 1025 
598 162 1037 
1027 1025 1026 
264 1081 1076 
257 256 1026 
1075 1076 1081 
262 261 1024 
1023 258 1022 
1022 257 715 
1093 269 1092 
1023 1024 261 
1082 575 1081 
258 1023 259 
1091 270 271 
1090 274 1089 
1090 1091 272 
260 1023 261 
1024 1021 263 
1021 717 266 
1150 290 292 
257 1026 1025 
275 1089 274 
1085 1086 1084 
276 1088 1089 
267 266 717 
267 717 1020 
1020 718 722 
1086 288 289 
1084 1083 1090 
1087 280 281 
269 1020 270 
721 273 722 
1087 1088 278 
283 1087 281 
1027 1191 714 
1020 722 270 
691 697 690 
278 1088 277 
275 274 721 
295 1147 1148 
285 287 284 
294 1148 293 
275 720 276 
293 1150 292 
281 280 725 
1149 293 1148 
251 711 252 
1095 1096 573 
724 723 1018 
299 300 1175 
725 278 723 
1084 1149 573 
284 283 285 
290 291 292 
283 282 1189 
296 297 1147 
691 695 696 
1175 497 498 
1017 727 1189 
315 1177 314 
290 289 730 
495 303 304 
505 506 321 
301 302 496 
729 730 287 
495 497 496 
289 288 730 
727 729 286 
1017 724 726 
306 1176 493 
294 1016 295 
1140 1141 323 
731 732 291 
492 1176 1187 
732 292 291 
321 322 1141 
293 292 732 
317 1186 1187 
1014 735 303 
315 316 1187 
1016 293 732 
730 731 291 
306 305 1013 
1187 316 317 
1016 297 296 
1177 313 314 
297 733 1015 
728 729 727 
734 1014 1015 
315 1187 1177 
308 309 307 
1186 318 491 
1010 737 1006 
1014 300 1015 
1100 1099 1098 
1145 1147 1146 
301 1014 302 
466 476 467 
303 735 1013 
327 325 326 
1013 1010 1012 
1104 468 469 
302 1014 303 
463 462 480 
694 692 693 
1105 1137 356 
1012 1007 308 
457 456 488 
1008 309 1007 
310 309 1008 
336 337 1183 
333 351 352 
311 312 313 
332 352 353 
1109 461 462 
467 474 468 
490 527 531 
332 353 1138 
304 305 494 
346 1183 345 
1100 1140 325 
468 1106 467 
495 496 303 
340 1169 1188 
1188 1186 317 
1099 1097 1098 
1170 1188 1169 
1144 1142 1096 
320 1170 1169 
1101 329 330 
528 1170 320 
340 341 1184 
326 337 336 
467 1106 466 
336 335 327 
1138 355 356 
324 323 1185 
464 1108 463 
325 324 326 
315 342 341 
333 329 334 
333 332 330 
327 326 336 
1110 1115 1109 
327 335 328 
477 478 1154 
328 334 329 
354 1138 353 
330 329 333 
331 330 332 
336 348 335 
348 336 347 
346 347 1183 
337 338 1183 
334 328 335 
312 748 749 
326 324 1185 
345 1183 1184 
1185 322 1169 
1184 343 344 
1185 337 326 
339 1184 1183 
1169 322 321 
338 1185 339 
315 314 749 
1184 344 345 
1185 1169 339 
315 341 316 
340 1188 341 
749 313 312 
313 749 314 
1183 347 336 
749 342 315 
372 1114 371 
344 757 345 
362 367 368 
368 369 1181 
334 335 349 
362 363 367 
350 334 349 
1182 347 346 
348 349 335 
348 347 1182 
351 334 350 
345 757 346 
351 333 334 
363 362 354 
1114 374 1113 
1181 370 1114 
1113 374 375 
333 352 332 
360 355 361 
1109 1116 460 
1114 373 374 
376 377 1111 
364 352 351 
1111 1112 1113 
359 358 360 
1110 1111 379 
361 355 354 
356 355 360 
350 365 351 
360 357 356 
1181 360 361 
360 358 357 
354 362 361 
354 353 363 
364 353 352 
350 349 1005 
364 365 366 
363 364 366 
362 368 1181 
364 363 353 
367 366 1004 
349 1182 1005 
364 351 365 
1009 747 748 
363 366 367 
350 1005 365 
362 1181 361 
756 757 344 
1114 372 373 
758 1004 1005 
1108 1109 462 
1004 366 1005 
1157 486 487 
368 1004 759 
1134 1117 384 
1004 368 367 
400 401 1125 
373 372 761 
76 77 665 
370 369 760 
76 665 75 
763 373 761 
1130 1132 1131 
373 763 764 
1117 382 383 
459 1116 458 
1116 1115 1117 
376 375 764 
1117 1118 1135 
764 375 374 
387 1129 386 
765 377 376 
1131 487 488 
377 765 378 
390 1127 1128 
379 378 766 
630 665 78 
379 766 380 
1118 1129 1119 
766 378 765 
1127 391 392 
1002 381 766 
660 659 635 
1002 382 381 
394 395 1122 
999 1002 767 
66 67 661 
384 383 1002 
763 761 1003 
739 742 743 
65 659 660 
992 399 398 
398 399 1124 
388 387 1000 
397 1124 1123 
389 1000 997 
404 1159 403 
997 996 391 
563 1124 1125 
1000 386 999 
1158 1159 404 
997 390 389 
1160 409 560 
392 391 996 
48 646 640 
394 393 770 
26 1180 25 
996 770 393 
412 558 559 
394 771 395 
1166 447 530 
771 396 395 
405 1158 404 
992 396 771 
536 454 1168 
371 760 761 
409 410 560 
408 989 409 
450 451 442 
992 991 993 
449 537 448 
399 992 993 
1165 537 538 
401 773 774 
537 453 536 
401 400 993 
449 453 537 
774 404 403 
416 557 415 
987 404 774 
556 417 418 
987 988 405 
556 557 416 
988 408 407 
21 540 20 
989 408 986 
418 419 556 
409 989 410 
540 22 539 
807 809 808 
420 555 419 
808 410 989 
554 555 420 
412 411 808 
541 1163 540 
806 807 777 
540 21 22 
414 413 809 
422 423 554 
805 806 778 
4 5 548 
415 414 809 
553 424 425 
817 434 433 
1164 542 15 
416 811 417 
15 542 14 
416 810 811 
551 427 428 
419 805 420 
543 11 12 
417 811 418 
10 11 543 
804 803 812 
545 10 543 
550 551 429 
813 426 425 
547 5 6 
7 546 547 
430 431 549 
778 779 802 
546 7 8 
428 815 429 
426 814 427 
7 547 6 
779 801 802 
422 421 804 
815 430 429 
434 435 548 
814 428 427 
548 2 3 
803 802 813 
815 816 431 
798 797 800 
1 2 435 
641 643 642 
29 437 28 
437 436 446 
27 28 437 
642 643 445 
27 438 26 
47 48 640 
529 1180 439 
451 441 442 
529 440 1180 
408 1160 407 
412 559 411 
442 643 644 
647 652 638 
443 442 441 
445 436 38 
440 444 443 
439 438 446 
443 444 445 
444 439 445 
439 446 445 
437 446 438 
449 452 453 
537 1165 448 
653 55 56 
406 407 1160 
1179 449 450 
454 649 1168 
52 652 647 
448 450 449 
448 451 450 
447 441 451 
656 653 654 
402 403 1159 
455 533 453 
411 560 410 
61 62 657 
1122 395 1123 
646 639 640 
55 653 652 
1131 1157 487 
1129 1134 386 
1178 480 483 
1115 1116 1109 
457 488 458 
462 463 1108 
473 475 1153 
381 1115 380 
486 459 458 
1155 476 477 
482 461 460 
1107 1108 464 
462 461 481 
1107 464 1106 
472 1153 1151 
1106 465 466 
463 479 464 
1105 1136 1106 
468 1105 1106 
468 1104 1105 
464 479 465 
466 465 477 
89 623 624 
470 1103 1104 
1153 472 473 
470 1104 469 
474 469 468 
470 471 1103 
616 622 619 
1103 471 1102 
322 323 1141 
472 470 469 
475 473 474 
471 470 472 
569 668 570 
469 473 472 
1154 1155 477 
469 474 473 
625 87 88 
474 467 476 
570 1154 1156 
476 475 474 
1156 568 567 
477 476 466 
627 84 85 
477 465 478 
479 478 465 
459 482 460 
481 483 480 
480 479 463 
459 485 482 
462 481 480 
82 83 628 
481 461 482 
83 84 627 
481 482 483 
629 81 628 
482 484 483 
1132 566 567 
484 482 485 
630 78 79 
486 485 459 
632 73 74 
487 486 458 
1130 1133 1135 
488 487 458 
490 1172 532 
528 320 489 
307 1176 306 
531 527 319 
1176 307 309 
492 493 1176 
493 494 305 
493 305 306 
495 304 494 
506 489 320 
302 303 496 
1174 503 504 
300 301 1175 
1174 502 503 
497 1175 301 
496 497 301 
498 1144 1145 
1141 1142 505 
298 1146 297 
497 495 500 
497 499 498 
494 501 495 
500 499 497 
494 493 502 
501 500 495 
1173 493 492 
502 501 494 
532 1172 1173 
503 502 493 
504 1172 489 
505 1174 504 
490 531 1172 
500 501 1143 
506 320 321 
505 504 506 
489 506 504 
261 262 1077 
262 1076 1077 
509 508 510 
508 507 510 
267 1093 266 
579 580 1074 
179 591 1044 
260 261 1077 
259 260 1080 
510 507 511 
513 259 1080 
507 518 511 
258 259 1171 
514 1171 513 
245 246 1065 
513 512 518 
515 516 1066 
1061 515 1066 
1059 1060 1067 
514 516 515 
241 1069 1058 
514 517 516 
518 517 513 
507 581 582 
134 135 607 
93 523 91 
524 128 129 
124 524 120 
126 970 971 
126 525 125 
973 526 971 
526 124 125 
318 527 490 
1188 527 1186 
319 528 489 
1170 528 319 
440 529 444 
26 439 1180 
448 530 451 
530 448 1166 
504 503 1172 
489 531 319 
491 532 1173 
490 532 318 
454 533 455 
1124 399 1125 
558 413 414 
557 558 414 
539 22 23 
453 533 536 
454 536 533 
535 537 536 
539 535 534 
1180 1167 25 
535 539 537 
24 1167 23 
537 539 538 
417 556 416 
1162 557 556 
420 421 554 
556 419 555 
554 423 553 
423 424 553 
426 551 552 
425 426 552 
551 428 429 
429 430 550 
543 544 545 
551 550 544 
8 9 545 
550 549 546 
432 433 549 
547 546 549 
433 434 548 
548 435 2 
547 549 548 
546 545 550 
431 432 549 
549 550 430 
545 544 550 
552 544 543 
426 427 551 
543 542 552 
542 553 552 
542 541 553 
554 421 422 
553 541 554 
555 541 540 
541 555 554 
539 1162 540 
1162 555 540 
557 414 415 
556 555 1162 
558 412 413 
1162 558 557 
560 411 559 
534 1161 558 
1160 561 406 
1161 559 558 
1159 1158 562 
559 1161 560 
536 1168 535 
561 1168 562 
1122 1123 564 
1161 1168 561 
653 637 652 
649 650 1168 
68 661 67 
563 650 564 
73 632 663 
71 663 662 
80 81 629 
82 628 81 
1157 485 486 
567 569 1156 
483 484 568 
569 567 566 
86 669 85 
669 626 85 
571 1153 1155 
623 90 91 
623 91 92 
89 624 88 
1094 264 265 
92 622 623 
270 1092 269 
572 620 573 
267 268 1093 
573 620 621 
574 573 621 
676 133 134 
1041 595 596 
595 170 171 
577 578 579 
580 581 508 
508 509 580 
1079 580 509 
577 579 576 
510 1078 1079 
581 579 578 
579 581 580 
1068 518 582 
578 1072 581 
1058 1069 1070 
581 1072 582 
577 593 1073 
1043 1073 593 
1054 585 586 
586 585 584 
586 1051 1052 
1073 1043 586 
180 181 590 
1073 586 584 
590 181 182 
590 179 180 
182 183 589 
1048 224 1047 
588 590 589 
587 591 588 
588 591 590 
1043 587 586 
1046 173 174 
1046 1043 593 
174 175 1045 
1043 592 591 
166 167 1041 
1038 1040 577 
1042 171 172 
593 1040 594 
1041 169 595 
595 594 1040 
603 577 576 
1040 596 595 
138 139 1032 
603 599 604 
681 1033 599 
597 604 598 
1031 142 678 
603 602 601 
139 140 1031 
600 599 603 
618 93 617 
603 601 600 
1099 1152 572 
599 598 604 
616 603 576 
596 1038 597 
603 604 1038 
136 137 606 
606 1032 605 
606 137 1032 
605 607 606 
605 602 607 
618 523 93 
607 602 670 
613 99 612 
99 100 612 
122 130 609 
608 610 609 
101 102 611 
103 611 102 
610 612 611 
610 608 612 
613 97 98 
612 608 613 
92 523 618 
608 670 613 
602 615 670 
670 614 613 
602 603 616 
616 619 602 
574 621 575 
94 671 93 
670 617 614 
617 615 618 
615 602 619 
92 618 619 
615 619 618 
616 620 622 
616 576 621 
616 621 620 
1074 576 579 
619 622 92 
1152 668 620 
620 624 622 
89 90 623 
622 624 623 
668 569 667 
624 620 668 
627 85 626 
668 571 570 
628 83 627 
667 626 668 
566 666 569 
666 667 569 
629 79 80 
666 566 664 
665 631 75 
666 630 629 
632 75 631 
666 631 630 
632 664 633 
631 666 664 
634 66 661 
632 631 664 
658 653 56 
633 565 656 
659 65 66 
633 635 634 
653 656 636 
636 565 564 
455 452 651 
649 454 455 
651 1179 648 
649 455 651 
1179 452 449 
639 638 648 
42 642 41 
641 644 643 
46 640 645 
639 641 640 
445 643 443 
39 40 642 
41 642 40 
644 641 639 
442 443 643 
644 639 648 
450 442 644 
44 45 645 
645 45 46 
49 50 647 
638 639 646 
652 52 53 
638 646 647 
638 637 648 
637 636 649 
637 649 648 
650 563 562 
649 636 650 
564 650 636 
651 452 1179 
648 649 651 
53 54 652 
652 54 55 
658 57 58 
636 637 653 
657 60 61 
655 656 654 
660 62 63 
655 635 656 
633 656 635 
565 636 656 
654 657 655 
59 60 657 
653 658 654 
56 57 658 
66 634 659 
634 635 659 
635 655 660 
62 660 655 
69 661 68 
70 71 662 
71 72 663 
633 661 662 
73 663 72 
633 663 632 
1132 664 566 
565 633 664 
78 665 77 
630 631 665 
629 628 666 
666 628 667 
628 627 667 
626 667 627 
626 625 668 
624 668 625 
87 625 669 
625 626 669 
670 608 607 
617 670 615 
614 617 671 
617 93 671 
104 105 672 
106 673 105 
105 673 672 
106 107 674 
106 674 673 
675 107 108 
675 109 110 
120 675 119 
607 608 676 
609 676 608 
678 143 144 
600 601 677 
682 144 145 
678 682 679 
680 146 147 
600 677 679 
148 149 681 
600 679 680 
149 150 1203 
600 681 599 
145 888 682 
682 678 144 
520 686 685 
1201 931 929 
956 684 954 
898 899 686 
878 787 683 
520 685 955 
689 700 521 
927 898 900 
700 688 911 
917 915 916 
701 911 686 
700 689 699 
689 691 690 
277 723 278 
689 521 691 
285 1189 286 
987 405 404 
750 751 738 
691 521 692 
522 753 755 
1006 1007 1012 
1012 306 1013 
1015 300 299 
692 694 691 
285 283 1189 
691 694 695 
725 280 279 
691 696 697 
721 720 275 
272 271 722 
709 711 1029 
690 697 698 
700 699 688 
689 690 699 
688 910 911 
521 700 701 
686 520 701 
521 701 520 
688 699 702 
1028 710 712 
233 232 917 
1029 251 250 
708 248 247 
246 707 708 
709 704 703 
246 245 707 
245 244 707 
241 240 706 
706 705 707 
705 708 707 
709 705 704 
708 705 709 
703 702 709 
710 702 699 
690 710 699 
252 711 712 
711 1028 712 
709 1028 711 
710 698 712 
713 1191 252 
712 698 713 
714 713 698 
697 1019 698 
1021 265 264 
1019 719 718 
263 262 1024 
715 714 1019 
1021 266 265 
1019 716 715 
1020 269 268 
718 717 716 
273 721 274 
716 1019 718 
1017 725 724 
276 723 277 
720 723 276 
722 273 272 
719 720 721 
270 722 271 
719 722 718 
1018 720 719 
282 281 1017 
723 720 1018 
697 696 724 
278 725 279 
723 724 725 
724 696 726 
695 728 696 
696 727 726 
727 696 728 
694 1011 695 
286 729 287 
729 731 730 
287 730 288 
731 729 728 
730 291 290 
731 728 695 
1016 296 295 
733 732 731 
297 1016 733 
734 731 695 
1015 299 298 
734 733 731 
1010 1006 1012 
1011 734 695 
1011 736 1010 
694 693 736 
310 1008 311 
693 751 736 
737 751 750 
741 739 753 
774 403 402 
738 751 752 
816 433 432 
752 739 744 
741 740 739 
522 519 795 
818 434 817 
992 398 397 
739 740 742 
768 1000 999 
761 372 371 
752 744 738 
739 743 744 
369 368 759 
738 744 745 
747 746 757 
738 745 746 
750 738 747 
738 746 747 
1009 312 1008 
748 747 756 
756 749 748 
342 749 343 
1009 748 312 
737 736 751 
692 754 693 
693 754 751 
753 752 755 
739 752 753 
752 754 755 
522 741 753 
754 692 755 
752 751 754 
692 521 755 
521 522 755 
344 343 756 
756 343 749 
747 757 756 
1182 746 758 
746 745 758 
760 369 759 
758 745 759 
370 760 371 
759 745 760 
1003 761 760 
1003 760 745 
1003 762 763 
744 743 762 
386 385 999 
1002 383 382 
373 764 374 
1001 767 766 
764 765 376 
764 763 1001 
766 381 380 
765 764 1001 
743 998 762 
765 1001 766 
770 996 769 
767 1001 998 
767 998 768 
772 994 995 
996 393 392 
993 400 399 
394 770 771 
769 994 770 
769 995 994 
991 771 994 
988 407 406 
987 990 775 
401 774 402 
773 772 990 
773 990 774 
740 985 742 
806 811 810 
807 985 777 
776 775 985 
777 984 778 
805 804 421 
779 778 984 
813 814 426 
741 780 740 
799 780 781 
522 780 741 
782 797 798 
519 794 795 
796 821 820 
795 794 793 
793 783 791 
932 955 685 
838 825 840 
956 957 955 
979 857 978 
787 786 785 
854 855 59 
787 785 784 
963 885 145 
784 783 958 
956 683 957 
48 849 49 
785 786 788 
45 44 847 
785 788 789 
825 826 824 
784 790 791 
4 821 822 
784 791 783 
3 2 820 
792 796 793 
782 781 795 
958 794 519 
783 793 794 
795 793 782 
781 780 795 
522 795 780 
797 796 820 
793 796 782 
818 1 435 
782 796 797 
799 798 779 
782 798 781 
984 799 779 
740 780 799 
817 433 816 
779 798 800 
431 430 815 
779 800 801 
812 813 425 
424 812 425 
812 422 804 
778 802 803 
805 421 420 
778 803 804 
811 419 418 
778 804 805 
810 416 415 
777 778 806 
809 412 808 
807 776 985 
410 808 411 
776 807 808 
809 413 412 
807 806 810 
415 809 810 
807 810 809 
806 805 811 
419 811 805 
424 423 812 
812 423 422 
803 813 812 
802 814 813 
815 802 801 
428 814 815 
802 815 814 
816 432 431 
815 801 816 
801 800 817 
801 817 816 
434 818 435 
817 800 818 
818 800 819 
2 1 819 
819 1 818 
797 820 819 
821 796 792 
823 828 829 
4 820 821 
821 792 822 
826 838 836 
822 792 823 
824 792 791 
792 824 823 
791 790 824 
34 33 838 
32 31 837 
827 12 11 
824 826 823 
828 11 10 
823 826 827 
829 9 8 
823 827 828 
6 829 7 
822 823 829 
827 826 830 
831 16 15 
830 826 831 
32 836 33 
832 831 826 
833 832 837 
832 836 837 
29 28 834 
27 835 28 
18 834 19 
25 835 26 
24 23 835 
832 826 836 
838 826 825 
30 837 31 
837 29 834 
836 838 33 
825 824 839 
844 843 839 
40 841 41 
839 843 840 
841 39 37 
841 840 843 
40 39 841 
34 842 35 
840 841 842 
844 839 790 
43 846 44 
785 844 790 
789 848 983 
841 845 41 
843 846 845 
983 843 844 
847 46 45 
983 847 846 
46 848 47 
983 848 847 
50 49 849 
848 789 849 
850 789 788 
56 853 57 
51 50 851 
849 851 50 
850 852 851 
981 850 788 
852 853 54 
850 853 852 
854 59 58 
850 854 853 
786 980 788 
981 980 856 
980 857 856 
981 855 854 
112 875 113 
981 856 855 
875 112 111 
875 874 877 
111 873 874 
874 875 111 
871 872 108 
873 108 872 
108 107 871 
860 859 872 
106 105 871 
107 106 871 
863 105 104 
103 863 104 
862 863 864 
103 870 863 
80 79 864 
864 863 870 
870 102 101 
865 864 870 
98 868 99 
84 867 85 
99 868 100 
867 866 868 
866 865 870 
869 95 88 
86 867 869 
101 868 870 
866 870 868 
862 871 863 
871 861 872 
860 872 861 
873 111 110 
872 859 873 
873 859 874 
859 858 874 
877 857 876 
969 877 876 
114 113 875 
960 151 961 
877 114 875 
874 858 877 
857 877 858 
786 878 967 
787 878 786 
963 145 144 
139 884 140 
885 879 878 
975 133 132 
883 884 139 
975 134 133 
881 883 882 
882 883 136 
881 880 883 
884 142 141 
883 880 884 
885 880 879 
885 884 880 
1202 960 952 
878 886 887 
878 683 886 
885 887 888 
878 887 885 
887 886 889 
146 888 889 
887 889 888 
683 954 959 
959 889 886 
953 954 891 
941 943 174 
951 949 157 
951 952 892 
173 941 174 
892 891 948 
162 937 163 
948 893 892 
893 948 894 
684 895 948 
929 927 928 
684 932 895 
897 932 899 
895 932 896 
905 922 904 
899 898 897 
686 687 898 
897 896 932 
685 686 899 
199 198 901 
901 927 900 
197 928 198 
901 900 902 
898 902 900 
902 687 903 
908 903 910 
233 917 916 
908 907 903 
216 215 905 
214 926 215 
218 217 912 
908 906 907 
906 908 909 
905 904 907 
903 907 904 
910 903 687 
908 910 909 
688 702 909 
703 909 702 
911 910 687 
909 910 688 
686 911 687 
700 911 701 
907 906 912 
232 918 917 
912 906 913 
913 906 914 
909 914 906 
915 703 704 
703 915 914 
916 704 236 
916 915 704 
234 233 916 
232 231 918 
915 917 914 
230 918 231 
914 918 913 
912 919 218 
913 918 921 
913 920 919 
227 226 920 
913 921 920 
230 921 918 
923 207 206 
903 922 902 
924 206 205 
902 922 923 
204 924 205 
902 924 925 
925 924 204 
200 199 925 
923 922 926 
926 922 905 
928 901 198 
901 928 927 
197 196 1201 
931 193 192 
896 897 929 
897 927 929 
930 931 190 
896 929 930 
192 191 931 
190 931 191 
955 932 684 
685 899 932 
939 171 170 
948 933 894 
935 168 167 
894 933 934 
936 167 165 
894 934 935 
937 164 163 
894 935 936 
161 937 162 
894 936 937 
934 933 940 
170 938 939 
934 940 938 
173 939 940 
933 941 940 
939 938 940 
933 895 941 
896 942 895 
895 942 941 
190 189 947 
947 189 188 
176 943 944 
947 943 942 
179 945 180 
186 946 187 
945 946 185 
945 944 946 
947 944 943 
944 947 946 
190 947 942 
684 948 891 
933 948 895 
950 893 937 
158 157 949 
893 950 949 
937 161 950 
952 890 953 
893 951 892 
156 1202 951 
1202 156 155 
890 889 959 
890 959 953 
684 956 955 
684 891 954 
784 958 787 
955 957 958 
954 683 956 
957 683 787 
958 783 794 
958 957 787 
519 520 958 
520 955 958 
683 959 886 
954 953 959 
952 960 890 
152 151 960 
149 962 150 
890 961 889 
146 962 147 
889 961 962 
143 142 963 
884 963 142 
130 129 973 
126 971 525 
974 116 968 
880 964 965 
969 876 967 
880 966 879 
786 967 876 
878 879 967 
970 974 965 
115 114 968 
968 114 969 
969 114 877 
126 116 974 
970 972 971 
970 965 972 
526 127 971 
965 964 972 
972 964 130 
130 973 972 
129 128 973 
126 974 970 
968 966 974 
131 975 132 
964 881 975 
69 976 70 
859 860 976 
978 67 66 
857 858 977 
64 978 65 
857 977 978 
62 979 63 
856 857 979 
786 876 980 
857 980 876 
850 981 854 
788 980 981 
60 855 982 
855 856 982 
843 983 846 
844 789 983 
985 984 777 
799 984 740 
742 985 775 
984 985 740 
406 405 988 
775 776 986 
990 987 774 
775 986 987 
987 986 988 
408 988 986 
986 776 989 
989 776 808 
995 990 772 
742 775 990 
771 770 994 
772 773 991 
396 992 397 
771 991 992 
991 773 993 
401 993 773 
769 998 995 
772 991 994 
743 742 995 
990 995 742 
997 391 390 
768 769 996 
1000 389 388 
768 996 997 
995 998 743 
769 768 998 
384 999 385 
767 768 999 
1000 387 386 
997 1000 768 
763 762 1001 
998 1001 762 
767 1002 766 
999 384 1002 
745 744 1003 
762 1003 744 
366 365 1005 
758 759 1004 
348 1182 349 
1005 1182 758 
737 750 1009 
309 308 1007 
307 1012 308 
1008 312 311 
1007 1006 1008 
750 747 1009 
1008 1006 1009 
737 1009 1006 
736 1011 694 
737 1010 736 
1010 735 1011 
734 1011 735 
306 1012 307 
305 304 1013 
303 1013 304 
1010 1013 735 
300 1014 301 
734 735 1014 
297 1015 298 
733 734 1015 
293 1016 294 
732 733 1016 
1017 281 725 
727 1017 726 
1019 1018 719 
697 724 1018 
698 1019 714 
1018 1019 697 
267 1020 268 
717 718 1020 
263 1021 264 
716 717 1021 
257 1022 258 
715 716 1022 
716 1024 1022 
260 259 1023 
1022 1024 1023 
1024 716 1021 
1027 1026 255 
714 715 1025 
256 255 1026 
1027 255 254 
254 253 1027 
714 1191 713 
709 702 1028 
702 710 1028 
250 248 1029 
1029 248 708 
236 1030 237 
704 705 1030 
677 601 1031 
601 1032 1031 
1032 601 605 
137 138 1032 
153 154 1033 
159 1036 158 
1035 160 161 
1034 1035 599 
162 1035 161 
599 1035 598 
1034 154 1036 
155 1036 154 
165 1037 164 
597 598 1037 
603 1038 577 
604 597 1038 
1039 166 1041 
1037 1039 597 
577 1040 593 
1038 596 1040 
1041 596 1039 
167 168 1041 
173 1042 172 
594 595 1042 
1043 591 587 
1073 584 583 
179 1044 178 
591 592 1044 
1043 1046 592 
174 1045 1046 
593 594 1046 
1046 594 1042 
589 183 1047 
1199 184 185 
1049 210 211 
1048 1049 1193 
1048 1047 1049 
183 1049 1047 
227 1050 226 
586 587 1050 
229 230 1052 
586 1050 1051 
231 1052 230 
1053 1054 1052 
235 236 1056 
1053 1052 231 
1056 1053 235 
1055 238 239 
240 1055 239 
585 1054 1055 
1055 1054 1056 
1056 1054 1053 
1050 587 1057 
588 1057 587 
1069 242 243 
584 585 1058 
1064 243 244 
1067 1060 1066 
1065 1064 245 
257 1171 1061 
1060 1059 1063 
256 1061 1062 
1063 1061 1060 
1192 254 1063 
1061 1063 1062 
245 1064 244 
1063 1059 1064 
1059 1070 1064 
247 249 1065 
1192 249 250 
1067 583 1059 
1061 1066 1060 
516 1068 1066 
1068 516 517 
518 1068 517 
583 1068 582 
1064 1069 243 
1069 1064 1070 
583 1070 1059 
584 1058 1070 
240 241 1071 
1058 1071 241 
578 577 1073 
583 582 1072 
583 1072 1073 
1073 1072 578 
575 621 1074 
576 1074 621 
1074 580 1079 
262 263 1076 
264 1076 263 
511 1078 510 
1077 1076 1075 
1078 1080 1077 
1077 1075 1078 
510 1079 509 
1078 1075 1079 
1074 1079 1075 
511 1080 1078 
513 1080 512 
1094 265 266 
575 1075 1081 
1092 270 1091 
574 575 1082 
1090 272 273 
574 1082 1083 
1086 1085 284 
573 574 1084 
283 284 1085 
284 288 1086 
1149 1150 293 
1084 1086 1149 
1085 1088 1087 
279 280 1087 
1084 1088 1085 
276 277 1088 
1084 1089 1088 
274 1090 273 
1084 1090 1089 
1090 1083 1091 
1083 1082 1092 
271 272 1091 
1083 1092 1091 
1092 1082 1093 
1093 268 269 
1082 1081 1094 
266 1093 1094 
1082 1094 1093 
1147 297 1146 
498 499 1144 
500 1143 499 
573 1096 572 
323 324 1140 
572 1096 1097 
1100 325 327 
1097 1099 572 
1100 1098 1140 
1151 1152 1102 
1101 327 328 
1101 1100 327 
1139 331 1138 
1139 330 331 
1151 471 472 
1099 1100 1102 
1139 1102 1101 
356 1137 1138 
330 1139 1101 
357 1136 356 
1105 1104 1137 
1136 357 358 
356 1136 1105 
464 465 1106 
358 359 1112 
378 379 1111 
1110 379 380 
1115 1110 380 
461 1109 460 
1108 1107 1110 
1108 1110 1109 
1111 377 378 
1110 1107 1111 
1112 1107 1136 
1113 375 376 
1107 1112 1111 
1112 359 1113 
370 371 1114 
1113 359 1114 
360 1181 359 
1117 381 382 
459 460 1116 
381 1117 1115 
457 458 1116 
384 1117 383 
457 1116 1117 
1129 388 389 
389 390 1128 
1128 1129 389 
564 565 1119 
392 1126 1127 
564 1119 1120 
1126 394 1122 
564 1120 1121 
1123 395 396 
564 1121 1122 
1124 397 398 
564 1123 563 
1125 399 400 
563 1123 1124 
402 1125 401 
563 1125 562 
1122 1121 1126 
1126 1121 1127 
1121 1120 1127 
1127 1120 1128 
1129 1120 1119 
388 1129 387 
1120 1129 1128 
1129 1118 1134 
565 1132 1119 
1133 488 456 
1130 1119 1132 
568 485 1157 
1132 565 664 
1157 1132 567 
1133 456 1135 
1130 1131 1133 
1134 1118 1117 
385 386 1134 
1135 1118 1130 
456 457 1135 
1112 1136 358 
1106 1136 1107 
1139 1104 1103 
355 1138 354 
1139 1138 1137 
332 1138 331 
1104 1139 1137 
1102 1139 1103 
1098 1141 1140 
324 325 1140 
1097 1141 1098 
321 1141 505 
1143 1174 1142 
1097 1096 1142 
501 502 1174 
1143 1142 1144 
1144 499 1143 
1095 1145 1096 
1096 1145 1144 
295 296 1147 
1175 298 299 
498 1145 1146 
1095 1148 1145 
295 1148 294 
1145 1148 1147 
1086 289 1150 
1148 1095 1149 
573 1149 1095 
1086 1150 1149 
289 290 1150 
571 1152 1151 
1102 471 1151 
668 1152 571 
620 572 1152 
476 1155 475 
571 1151 1153 
479 1178 478 
1153 475 1155 
1154 570 1155 
571 1155 570 
568 1156 483 
569 570 1156 
1132 1157 1131 
567 568 1157 
406 1158 405 
561 562 1158 
562 1125 1159 
1125 402 1159 
409 1160 408 
560 561 1160 
534 535 1168 
561 560 1161 
539 534 1162 
558 1162 534 
1164 541 542 
19 20 1163 
1164 1163 541 
16 1164 15 
23 1167 538 
448 1165 1166 
25 1167 24 
1166 1167 1180 
1166 1165 1167 
538 1167 1165 
562 1168 650 
534 1168 1161 
1169 340 339 
321 320 1169 
1188 319 527 
1188 1170 319 
514 515 1171 
1171 515 1061 
1172 531 489 
493 1173 503 
503 1173 1172 
492 491 1173 
1142 1174 505 
501 1174 1143 
498 1146 1175 
298 1175 1146 
309 310 1176 
1177 310 311 
310 1177 1176 
313 1177 311 
483 1156 1178 
1178 1156 1154 
450 644 1179 
1179 644 648 
441 1180 440 
1166 1180 447 
370 1181 369 
359 1181 1114 
346 757 1182 
1182 757 746 
338 339 1183 
339 340 1184 
341 342 1184 
1184 342 343 
1185 323 322 
1185 338 337 
318 1186 527 
1186 491 1187 
492 1187 491 
1177 1187 1176 
317 316 1188 
316 341 1188 
1017 1189 282 
286 1189 727 
252 1190 251 
253 1190 1191 
1191 1190 252 
253 1191 1027 
1192 253 254 
1065 249 1192 
220 1193 219 
1193 221 1048 
210 1049 1194 
1049 183 1199 
1194 1049 1195 
1199 1195 1049 
193 194 1196 
195 1196 194 
187 188 1197 
189 1198 188 
190 1198 189 
1196 1198 191 
1195 1199 1197 
183 184 1199 
1196 1200 1195 
202 203 1200 
931 1201 193 
928 197 1201 
960 1202 152 
951 1202 952 
153 1033 1203 
681 1203 1033 
