894 677 1733 
898 1591 331 
893 1212 6 
555 814 909 
895 1307 169 
7 893 6 
33 34 1039 
558 1516 643 
284 285 1226 
742 702 1527 
1039 35 32 
736 745 601 
903 1276 82 
7 8 893 
3 924 1279 
431 432 857 
1486 2 1279 
1181 978 385 
803 1797 1488 
137 727 1374 
10 11 1337 
1068 1406 674 
1063 12 13 
796 914 1355 
915 1596 593 
1488 1869 667 
230 1437 229 
1630 13 14 
803 1206 8 
1728 776 615 
35 36 1003 
240 853 239 
1657 1447 915 
1472 31 1003 
36 37 1056 
35 31 32 
1809 1085 668 
842 599 1451 
446 963 1418 
38 962 37 
39 709 983 
962 989 1056 
588 1298 808 
1372 436 437 
29 1038 28 
29 30 1372 
1556 643 665 
27 28 437 
437 1412 27 
971 585 628 
632 1695 910 
603 1314 746 
1106 438 26 
591 1416 731 
1795 1462 653 
1492 759 1791 
1022 446 436 
1868 1807 1861 
1358 444 445 
736 426 1328 
991 275 816 
1622 716 616 
1338 463 464 
435 1 1486 
471 1144 1423 
1387 635 857 
1222 434 1433 
575 692 843 
431 857 1752 
1222 1387 433 
1521 1177 265 
1865 745 1844 
1435 430 928 
1598 1667 859 
1740 15 791 
1368 1749 683 
1180 850 1778 
1753 428 1663 
1507 1166 608 
745 427 428 
919 1743 1535 
996 779 532 
705 934 1730 
736 425 426 
1588 1639 187 
1364 719 854 
998 425 736 
3 4 894 
423 919 1364 
925 1076 452 
791 631 1103 
908 357 358 
1231 17 18 
787 324 325 
20 1018 19 
19 851 18 
1625 12 679 
1627 724 1510 
26 1606 1283 
1866 1862 565 
1072 440 1377 
440 1559 439 
1653 584 1379 
1826 1468 556 
8 9 1665 
548 1817 592 
423 1067 422 
535 839 1741 
1693 1489 420 
21 22 732 
1394 574 534 
809 1541 654 
1335 24 25 
967 968 561 
851 1619 654 
1567 1854 1229 
999 732 1408 
913 516 517 
1072 901 1335 
1668 901 1238 
447 1377 441 
18 851 1541 
1606 438 439 
1443 1716 697 
710 450 1110 
1628 727 574 
1305 44 670 
687 744 582 
1597 1099 739 
1718 992 298 
1809 709 739 
551 758 594 
1339 46 1199 
1470 1697 671 
1339 670 45 
1852 657 556 
1662 1294 48 
1099 43 1305 
738 1229 758 
1294 1610 47 
443 1552 442 
818 1835 985 
1696 660 571 
1504 445 1245 
1638 52 767 
686 602 670 
1773 52 826 
563 1818 658 
1662 49 859 
910 377 746 
1112 570 968 
1667 51 1638 
1029 90 1748 
53 54 826 
1286 700 1542 
41 42 1597 
884 1070 1659 
557 598 675 
1376 58 742 
67 748 1659 
949 1223 795 
54 55 780 
114 1182 113 
774 394 395 
528 1322 606 
115 112 113 
1842 1735 1787 
607 705 935 
961 1334 553 
116 112 115 
60 61 1047 
712 59 60 
741 1264 63 
626 789 573 
1383 730 835 
596 1031 780 
912 1133 116 
116 117 912 
1682 1560 912 
112 1133 111 
1191 612 676 
954 955 572 
1637 876 737 
1522 741 712 
1014 659 568 
1680 638 767 
1632 1507 714 
700 550 593 
1789 1282 790 
441 442 451 
1446 1129 210 
703 747 604 
1246 451 442 
451 447 441 
741 1688 712 
784 1480 1720 
650 1172 600 
674 393 394 
1170 147 755 
442 929 930 
63 1081 741 
65 765 64 
452 453 1498 
450 710 449 
1646 867 627 
155 1692 154 
455 1171 454 
680 1668 863 
69 70 1159 
57 1376 56 
71 1261 70 
611 748 715 
713 716 1317 
878 805 1171 
541 1379 609 
415 897 414 
1530 621 1518 
863 1604 680 
972 973 1799 
110 111 912 
715 748 1159 
886 1091 542 
1735 1856 688 
328 329 789 
1393 509 800 
109 110 773 
623 788 1794 
108 1210 107 
773 1479 109 
886 529 541 
106 1057 916 
756 649 831 
715 1516 611 
174 175 790 
75 841 1250 
485 940 484 
546 1530 536 
77 841 76 
1365 1822 1863 
67 68 748 
472 824 1612 
1326 1518 629 
1585 1153 906 
77 906 841 
835 1256 658 
822 1250 665 
1568 1796 177 
1731 72 73 
1464 784 706 
1770 884 1700 
1406 1820 585 
1675 528 630 
1267 118 119 
557 675 620 
646 1048 768 
906 78 79 
1205 719 1535 
617 1299 595 
1082 423 424 
421 1611 1693 
415 953 1235 
720 911 669 
575 627 1289 
1771 734 1477 
106 916 1792 
753 607 634 
1015 412 413 
669 1496 720 
897 1188 414 
1083 1520 735 
233 234 1691 
792 410 411 
745 1328 427 
949 795 672 
792 1369 734 
100 952 99 
1342 340 1427 
1550 607 1215 
1323 665 586 
408 409 795 
980 407 949 
514 515 1660 
405 1576 1647 
682 737 579 
416 417 1301 
1496 763 603 
1728 1828 664 
403 404 1113 
708 1078 457 
753 634 802 
402 753 1249 
537 1166 649 
1228 628 585 
403 705 402 
590 546 1640 
1679 397 398 
1249 802 401 
55 56 1527 
705 1113 934 
958 596 600 
697 1664 933 
396 774 395 
817 1236 628 
394 774 674 
393 1240 392 
536 1859 545 
94 1094 93 
1465 457 1011 
1551 940 794 
487 907 486 
1024 484 1551 
968 969 561 
1062 1587 399 
650 878 956 
676 1679 802 
1213 1386 743 
1324 418 750 
1103 1613 679 
782 1673 1214 
674 971 1240 
838 1211 837 
391 817 390 
1697 1425 554 
1848 1442 1765 
921 1181 386 
948 1055 1684 
1750 892 688 
387 948 1686 
1102 386 387 
562 644 1543 
777 1151 618 
744 938 274 
539 1447 1036 
793 921 386 
452 1176 878 
1398 383 777 
384 978 777 
1399 886 1273 
1622 1104 588 
785 381 382 
1141 638 859 
785 911 381 
868 1476 461 
1300 572 549 
383 979 382 
507 683 796 
459 751 1623 
533 1601 544 
1137 947 751 
1699 701 456 
462 1343 461 
950 360 361 
566 1023 624 
1343 1738 868 
481 482 1165 
271 272 965 
462 463 1494 
570 1400 572 
293 1380 292 
256 830 829 
867 204 1065 
1353 720 746 
1174 410 792 
1539 550 1870 
865 1690 984 
373 374 858 
819 1575 1605 
948 388 389 
1266 376 819 
370 371 804 
373 858 997 
1271 690 369 
338 339 1295 
645 579 737 
1259 377 378 
402 705 753 
1575 636 858 
707 1758 1190 
1837 1191 1757 
1098 1737 751 
686 1199 47 
1111 1533 606 
1567 1827 587 
1313 1676 764 
120 121 986 
483 813 480 
466 981 465 
163 716 713 
1265 604 866 
378 379 1353 
1456 68 69 
813 479 480 
869 981 766 
884 609 765 
468 828 1204 
732 22 801 
1088 662 960 
1815 763 1744 
903 1026 776 
923 603 1815 
1021 361 362 
21 732 20 
1601 534 562 
690 1736 1045 
1629 244 902 
768 1203 1589 
827 1731 1281 
898 1118 1734 
1203 356 1467 
545 546 536 
357 975 1467 
1563 154 703 
1194 253 798 
950 1021 1736 
1077 905 799 
1615 486 907 
121 122 1766 
478 904 477 
1323 1429 558 
1776 561 969 
1224 83 861 
1306 1779 771 
475 476 1392 
142 143 896 
1175 170 171 
543 1850 615 
880 682 1225 
707 966 1785 
804 1271 370 
1471 860 1120 
646 1032 725 
676 612 774 
876 1029 645 
469 828 468 
1391 858 804 
1330 1569 473 
470 1032 828 
1582 1634 744 
824 707 1633 
1603 900 1034 
474 475 1330 
469 470 828 
787 1293 623 
654 856 552 
586 665 1331 
470 471 725 
970 757 1097 
517 1347 913 
1254 364 366 
1356 887 1732 
581 1304 973 
1751 363 1620 
661 1400 645 
332 352 353 
164 165 1041 
333 352 332 
333 334 1329 
354 898 353 
353 898 1154 
351 352 333 
311 1050 310 
364 365 366 
1069 211 865 
366 367 1620 
368 1045 367 
1585 80 1284 
1543 703 1265 
1532 1329 872 
780 55 1016 
350 351 1532 
348 349 1503 
1497 615 1014 
1186 22 23 
83 903 82 
547 1855 1006 
369 690 368 
1232 943 569 
711 573 789 
873 872 1124 
456 701 488 
541 885 1273 
1478 1491 749 
1132 1624 546 
789 329 330 
1611 422 854 
243 699 242 
330 331 1148 
163 713 162 
888 1092 327 
873 348 872 
760 1065 205 
346 721 345 
1740 1434 14 
1439 721 812 
873 1253 348 
887 833 183 
346 347 1079 
1469 557 1817 
1345 343 344 
344 345 1439 
341 812 1427 
306 307 797 
1708 862 1775 
721 1239 338 
1395 1239 873 
235 1763 234 
1776 1617 717 
1124 335 336 
1594 355 356 
778 1758 475 
86 880 1618 
481 483 480 
1284 81 1495 
601 1613 736 
1501 695 1195 
899 1780 513 
1055 390 817 
1487 142 1548 
755 562 1441 
245 733 1484 
1563 740 153 
755 148 860 
1216 152 153 
182 1149 181 
747 1592 159 
701 594 758 
72 1593 71 
153 740 1698 
1499 1155 295 
1315 808 161 
1512 143 144 
577 673 564 
842 1162 1487 
861 83 84 
896 685 1548 
607 1867 634 
974 1178 896 
148 755 147 
141 1162 140 
931 783 673 
1564 974 896 
273 274 938 
582 1173 687 
1107 1501 563 
1441 534 1830 
729 577 1542 
156 157 1004 
576 696 865 
1168 159 160 
158 1466 157 
552 1299 655 
835 1002 134 
160 808 1367 
766 466 467 
162 713 1315 
528 1772 630 
620 1275 557 
166 951 165 
380 720 1290 
160 161 808 
951 1805 1187 
74 822 73 
1041 951 716 
1642 908 358 
601 1337 679 
703 154 747 
168 759 1025 
617 750 807 
684 1712 810 
1368 625 1232 
810 1219 172 
170 895 169 
100 1156 952 
137 138 727 
1208 1553 698 
158 1592 1692 
1663 429 1435 
1025 1481 167 
1786 612 560 
847 520 846 
1057 107 689 
1831 699 1767 
529 1130 596 
120 689 1802 
527 127 1217 
124 521 128 
1090 128 519 
542 551 1228 
180 1309 179 
1641 543 1827 
1830 574 1451 
123 519 964 
555 656 1520 
881 1631 1768 
1786 1371 542 
1637 1247 88 
1555 105 1792 
860 148 149 
103 1348 102 
1701 123 1044 
1801 805 871 
1444 735 101 
814 1274 130 
139 1519 1643 
579 645 1112 
596 702 1009 
1540 129 130 
86 87 880 
132 133 1448 
895 1410 1791 
1655 1417 909 
1770 541 609 
723 1378 936 
672 795 559 
842 1519 140 
1810 1855 591 
135 136 1123 
455 452 878 
137 1053 136 
472 473 707 
1464 942 610 
1256 136 769 
102 784 1444 
814 130 131 
453 454 1523 
101 735 1156 
1101 98 1609 
774 1115 1440 
1302 1614 1834 
96 1378 1524 
489 1396 523 
95 1524 94 
1609 99 952 
521 124 527 
98 821 1505 
488 701 487 
581 1818 1537 
975 357 908 
66 1070 765 
127 527 125 
1807 1132 545 
1699 708 882 
1574 243 1629 
189 190 932 
590 1672 1272 
380 381 911 
972 580 1320 
76 841 75 
864 691 1054 
222 223 855 
189 1277 188 
1483 655 1150 
1714 843 188 
1277 932 691 
1485 1260 783 
235 236 754 
1568 178 920 
1789 176 1722 
731 1722 920 
45 670 44 
1759 1672 684 
844 174 790 
895 1175 1712 
186 1209 1420 
568 1708 779 
578 967 966 
185 1420 1193 
149 150 740 
1810 608 537 
508 1669 507 
1502 194 879 
716 163 164 
1424 879 195 
584 1790 712 
202 1080 196 
939 1482 1645 
769 1628 1179 
575 691 864 
1043 198 200 
553 1680 639 
62 1522 61 
199 200 198 
1068 774 612 
197 1043 196 
724 1213 505 
201 196 200 
40 41 1033 
201 202 196 
575 681 1008 
1824 1858 1669 
697 583 1306 
1458 681 1424 
1012 206 209 
139 727 138 
209 207 1049 
207 209 206 
1013 58 59 
1012 760 205 
1134 742 1790 
184 1193 1584 
1287 757 653 
879 194 195 
757 1221 816 
209 210 760 
1009 541 529 
825 726 1816 
714 1149 833 
831 224 225 
1459 183 833 
883 1309 1390 
1652 1313 883 
1862 1870 564 
223 224 1385 
832 1784 831 
1135 855 728 
831 649 832 
1198 1371 1650 
756 225 226 
1192 598 756 
1493 633 1322 
1196 852 229 
551 738 758 
810 173 1600 
230 231 1687 
1366 624 1221 
777 383 384 
1529 1189 232 
231 1189 1404 
284 1599 283 
852 227 228 
247 249 1363 
228 229 852 
531 1160 607 
764 1143 179 
696 1446 865 
903 1224 659 
874 1167 214 
962 1554 436 
893 1206 635 
221 222 1135 
1746 511 933 
1048 1508 711 
216 1116 215 
826 52 53 
1333 573 1847 
215 874 214 
809 1340 16 
1116 217 874 
752 1529 233 
930 1110 442 
598 1381 756 
620 786 1404 
765 1081 64 
754 1851 235 
213 1297 212 
1278 1207 874 
944 1126 772 
220 221 781 
781 1207 219 
202 823 1458 
1460 1144 824 
597 1860 1603 
1117 829 941 
226 227 852 
678 1362 766 
212 865 211 
576 1356 627 
788 1147 1140 
1115 396 397 
629 844 790 
1521 266 834 
1719 754 1546 
789 993 328 
240 241 1351 
843 1588 188 
1528 326 1092 
477 904 1602 
1627 1839 605 
1595 1146 724 
520 847 526 
568 779 1321 
1388 322 724 
725 1816 1847 
91 1227 1402 
712 1382 59 
135 835 134 
320 1332 523 
1621 320 506 
1833 1729 614 
866 1361 544 
1158 522 524 
738 551 530 
464 869 1461 
506 320 321 
1523 1010 849 
1782 922 1544 
1354 504 505 
539 1442 582 
1061 506 321 
319 524 522 
1227 92 836 
812 721 1295 
661 1748 836 
490 318 522 
88 89 1578 
502 503 743 
1388 505 1061 
318 490 525 
499 1426 498 
319 1396 1674 
1485 501 743 
1664 509 510 
1243 273 938 
323 324 787 
526 126 1046 
294 295 1754 
1670 718 1586 
743 501 502 
734 1257 792 
1252 1373 419 
460 1098 459 
503 504 743 
1616 1717 673 
783 1060 500 
1845 616 1640 
811 593 647 
1035 293 294 
729 296 297 
729 1499 296 
864 191 192 
640 554 1536 
1381 1707 649 
964 129 1044 
811 1310 293 
1334 686 1761 
787 623 1146 
1413 926 1724 
1172 957 958 
1136 1413 918 
869 464 465 
525 1234 318 
525 491 1457 
927 1538 1000 
479 813 1405 
924 1059 435 
315 316 918 
1052 359 818 
1051 307 309 
881 689 986 
314 1788 313 
666 940 1615 
311 312 313 
1725 917 693 
720 603 746 
1511 310 1725 
917 1788 1840 
920 1040 731 
308 309 307 
323 1595 322 
607 753 705 
693 797 1051 
944 772 1661 
1534 1121 797 
511 512 1431 
1500 750 617 
934 404 405 
303 1139 496 
848 495 1139 
497 889 1197 
606 1607 734 
785 1398 618 
1718 299 1449 
300 889 1312 
567 1833 652 
292 1384 291 
729 782 577 
1808 1365 945 
75 822 74 
723 580 1422 
304 305 848 
739 1571 40 
848 1093 1121 
39 1571 709 
304 848 303 
1220 449 863 
889 301 1237 
1122 594 701 
496 302 303 
496 1237 302 
515 1064 1572 
1202 96 97 
497 498 889 
782 1449 889 
1085 670 602 
1275 754 642 
493 494 848 
640 1558 1066 
66 765 65 
1255 145 722 
862 659 861 
1200 1656 617 
723 937 93 
922 1506 800 
976 1403 950 
699 592 1586 
683 545 589 
613 1251 749 
990 1836 1859 
1140 538 1866 
648 829 830 
592 1468 548 
1849 733 597 
796 977 507 
953 1301 1324 
1443 933 1704 
572 955 549 
870 899 1316 
899 870 770 
749 1689 834 
840 260 261 
1268 513 514 
259 1316 1549 
540 1779 614 
694 1846 258 
1183 830 900 
1762 1539 549 
247 1341 246 
1286 564 550 
516 875 1666 
770 870 663 
1062 400 802 
699 241 242 
557 1201 598 
641 1696 1826 
1011 458 947 
548 536 1006 
354 355 1118 
752 1851 620 
853 240 1248 
238 239 853 
791 1291 631 
241 699 1685 
1296 642 1579 
659 862 568 
1117 254 255 
1723 180 181 
657 1849 1095 
249 798 1436 
680 1319 24 
245 246 733 
202 203 1037 
1764 1129 627 
1445 1194 250 
576 627 696 
956 1515 957 
248 249 247 
1005 928 1681 
250 798 249 
1508 725 573 
1484 1814 902 
548 571 990 
251 1288 1445 
1510 623 565 
278 1097 277 
468 1242 467 
1531 280 1169 
1262 740 703 
582 1023 1713 
758 987 701 
1654 274 991 
801 1570 1303 
970 278 279 
1109 815 1760 
277 757 816 
820 1169 281 
1414 1644 775 
890 1218 288 
289 290 877 
237 1280 236 
1526 287 1218 
285 286 1526 
1641 530 1429 
820 1409 283 
1531 653 970 
1583 765 609 
562 755 644 
815 1747 533 
1698 150 151 
890 1360 284 
772 945 946 
755 1119 974 
877 647 959 
637 1180 528 
261 262 840 
882 1421 594 
775 1645 265 
132 1030 909 
663 870 988 
769 1352 658 
256 829 255 
875 1703 1042 
253 941 798 
1288 252 761 
1200 595 1772 
1017 263 939 
1504 668 929 
1651 637 849 
275 276 816 
547 1326 591 
652 1251 1514 
1475 660 914 
1035 1438 811 
533 1107 534 
1756 663 840 
1225 1581 85 
1370 272 1243 
1545 271 965 
661 954 572 
1602 1058 476 
269 749 268 
1086 270 1545 
416 953 415 
1252 420 807 
834 268 749 
1482 263 264 
120 1454 119 
1163 741 1583 
267 834 266 
1546 237 238 
922 943 1636 
1210 773 1802 
825 1857 1739 
1208 775 614 
260 870 259 
708 1151 640 
662 578 778 
1190 578 966 
813 1350 1774 
1321 587 543 
596 780 702 
826 780 1292 
220 781 219 
728 984 221 
1673 498 931 
297 992 729 
783 500 501 
1616 783 605 
1480 103 104 
1083 784 610 
618 1137 1726 
1344 669 911 
620 675 786 
675 1196 786 
1528 1793 325 
787 1793 1566 
626 1333 788 
717 1147 726 
711 789 330 
626 888 1233 
790 175 176 
621 1089 629 
1340 1804 15 
552 1291 654 
1369 411 412 
995 795 1648 
948 387 388 
554 1066 671 
1230 1715 794 
799 1843 1742 
409 1174 1452 
633 1648 792 
683 589 796 
913 1128 660 
693 1000 797 
493 1534 492 
941 253 254 
733 1436 597 
587 1843 794 
662 1375 1658 
509 697 1544 
1114 800 625 
1319 1570 1825 
1408 801 630 
802 400 401 
1411 802 634 
10 1797 9 
667 1649 803 
372 1391 371 
1474 636 976 
650 600 805 
1557 1311 871 
1311 1130 806 
529 1198 806 
617 807 655 
418 1373 750 
588 808 713 
747 1367 604 
17 809 16 
1357 809 654 
173 810 172 
621 1759 810 
593 811 700 
877 1310 647 
341 342 812 
1401 342 343 
1024 1350 483 
1375 904 905 
909 131 132 
1020 555 610 
1661 1760 569 
1624 533 544 
816 276 277 
1582 816 624 
971 1463 392 
1470 817 628 
1745 359 1403 
923 1798 632 
910 376 377 
1695 985 819 
282 1409 281 
283 1071 820 
972 821 656 
936 1320 723 
665 643 822 
1281 822 643 
867 203 204 
1646 1008 823 
707 824 472 
1460 622 825 
1806 1857 622 
1577 726 825 
780 826 54 
1415 826 639 
643 715 827 
715 1261 827 
646 678 828 
766 1204 678 
830 256 257 
829 648 1721 
1846 830 257 
1064 875 900 
756 831 225 
832 649 1269 
651 833 887 
855 1710 728 
1584 1732 183 
1632 833 651 
834 267 268 
1414 834 652 
1727 835 658 
1448 1002 730 
1813 836 92 
661 836 1428 
1853 92 937 
1590 955 695 
937 92 93 
1336 954 838 
1537 1821 535 
1195 837 839 
262 1547 840 
583 1756 698 
906 77 78 
664 1331 841 
599 842 685 
727 1643 1142 
575 843 691 
1209 843 692 
844 1089 173 
946 1263 1109 
762 1762 845 
846 1157 847 
127 125 1157 
1093 305 306 
495 848 494 
1010 871 850 
1803 1675 863 
806 531 1513 
1550 1778 531 
20 732 1389 
856 732 595 
675 1192 852 
226 852 756 
718 1579 853 
1719 853 642 
719 1150 854 
807 1489 655 
1671 1784 1027 
1105 855 1027 
1389 856 1619 
595 552 856 
1100 432 433 
1005 635 1649 
1605 374 375 
804 858 636 
1598 49 50 
1761 859 638 
740 1120 149 
755 860 644 
85 1001 84 
862 861 1581 
682 579 1308 
532 1775 579 
449 710 1076 
637 1803 849 
1502 1028 193 
575 864 1073 
781 1690 212 
576 865 728 
1298 1361 604 
544 562 866 
1764 867 760 
823 1037 867 
763 994 868 
1737 868 669 
766 1244 869 
1744 869 619 
988 260 840 
1431 1780 770 
600 1557 805 
850 871 806 
350 1145 349 
334 335 872 
337 1395 336 
721 1079 873 
218 1278 217 
781 1297 874 
1450 516 913 
900 875 641 
90 1185 89 
737 876 645 
1384 1285 290 
1800 892 1019 
956 1176 710 
805 878 650 
681 1073 879 
192 1028 864 
87 1247 880 
737 682 880 
1631 122 942 
916 1769 706 
708 1536 882 
1626 882 554 
608 1652 714 
764 179 883 
748 611 1473 
1700 611 885 
611 558 1007 
530 1399 558 
551 1091 530 
529 886 542 
576 1105 887 
651 887 832 
993 1233 327 
1566 626 788 
1325 889 498 
301 889 300 
1562 890 288 
1360 892 891 
1327 1811 688 
1795 284 891 
288 289 1019 
959 1800 877 
635 1430 893 
1359 677 894 
4 1270 894 
1212 1359 5 
590 1410 684 
168 1307 1561 
144 1255 1564 
722 146 974 
1111 897 704 
413 1188 1477 
711 1591 768 
332 1154 331 
513 1509 899 
1549 694 258 
1034 641 556 
900 830 1812 
448 1238 447 
680 24 901 
1152 244 245 
1767 902 657 
1580 903 659 
776 1495 903 
905 1075 1405 
778 1058 662 
478 1075 904 
813 799 905 
1161 79 80 
841 906 664 
487 987 907 
758 666 907 
1798 1642 818 
619 1362 908 
581 1655 730 
814 131 909 
1565 910 746 
819 376 910 
1344 785 1726 
720 380 911 
118 1682 117 
773 110 912 
1347 518 1355 
1703 913 660 
796 589 1087 
1694 914 1087 
550 1657 593 
566 1856 1838 
881 1769 689 
1720 916 706 
313 1573 311 
918 1840 315 
317 1136 316 
917 918 693 
425 1455 424 
631 1743 736 
178 1143 920 
591 1040 764 
793 1558 921 
777 921 640 
982 800 509 
922 771 943 
1314 923 632 
908 923 619 
894 1453 3 
1433 924 1733 
849 1302 453 
1864 449 925 
1724 1832 1841 
317 318 926 
492 1538 491 
693 918 927 
1752 1681 430 
1844 928 667 
1358 1318 443 
1517 668 602 
668 1184 929 
957 961 553 
1060 931 1426 
577 1214 673 
511 1108 933 
191 1054 932 
663 1704 770 
980 1576 406 
935 1730 1074 
672 559 935 
1215 935 559 
97 1505 1706 
1096 821 972 
1422 1741 937 
1211 937 839 
744 687 938 
965 1370 687 
775 698 939 
1547 939 698 
940 485 486 
666 1230 940 
1823 1860 1777 
1138 941 1777 
122 1274 942 
814 1020 942 
944 943 771 
1432 943 944 
771 540 944 
1407 944 540 
1729 1808 540 
946 945 1131 
762 845 946 
1590 1263 845 
1623 947 458 
1755 947 618 
948 389 390 
1419 948 671 
1223 407 408 
1074 949 672 
976 950 690 
1164 360 950 
1481 1805 166 
1683 716 951 
735 656 952 
821 1101 656 
750 704 953 
897 1235 704 
1428 1702 954 
955 1336 837 
695 955 837 
1711 955 845 
930 1678 710 
957 1258 956 
961 1515 1678 
957 553 1084 
553 639 1490 
1031 958 1490 
1596 959 647 
1608 892 959 
1077 1709 960 
1783 960 779 
930 1517 961 
686 1349 602 
963 1397 709 
30 989 436 
38 1397 962 
709 1245 963 
519 128 964 
613 1491 687 
269 1086 1478 
967 578 996 
561 1806 966 
1677 967 532 
561 966 967 
579 1525 532 
968 570 969 
570 1300 969 
969 549 1781 
1125 279 280 
653 757 970 
1463 817 391 
585 971 674 
656 555 1241 
1819 973 535 
972 1241 973 
1417 973 555 
1170 974 146 
685 1178 599 
908 1127 975 
1589 678 646 
1346 976 690 
976 636 1835 
977 518 507 
978 921 777 
979 785 382 
980 406 407 
981 869 465 
982 922 800 
983 38 39 
984 781 221 
985 636 819 
986 689 120 
987 487 701 
988 870 260 
989 962 436 
990 536 548 
991 274 275 
992 782 729 
993 327 328 
994 669 868 
995 559 795 
996 532 967 
997 372 373 
998 919 1455 
999 595 732 
1000 693 927 
1001 861 84 
1002 835 730 
1003 31 35 
1004 155 156 
1005 667 928 
1006 536 547 
1007 885 611 
1008 681 823 
1009 702 1653 
1010 850 1651 
1011 457 458 
1012 205 206 
1013 742 58 
1014 615 1580 
1015 734 412 
1016 702 780 
1017 262 263 
1018 851 19 
1019 892 1562 
1020 814 555 
1021 950 361 
1022 963 446 
1023 582 1634 
1024 483 484 
1025 167 168 
1026 615 776 
1671 855 1385 
1028 192 193 
1029 661 645 
1030 730 909 
1031 596 958 
1032 646 828 
1033 739 40 
1034 900 641 
1035 811 293 
1036 762 1863 
1037 823 202 
1038 437 28 
1039 32 33 
1040 591 731 
1041 165 951 
1042 641 875 
1043 197 198 
1044 123 964 
1045 362 1751 
1046 520 526 
1047 712 60 
1048 711 768 
1049 208 209 
1050 917 310 
1051 309 1511 
1052 358 359 
1053 769 136 
1054 191 864 
1055 948 390 
1056 30 1472 
1057 106 107 
1058 778 1392 
1059 434 435 
1060 783 931 
1061 505 506 
1062 399 400 
1063 679 12 
1064 515 1666 
1065 760 867 
1066 793 1419 
1067 854 422 
1068 674 774 
1069 210 211 
1070 884 765 
1071 653 820 
1072 25 1559 
1073 864 879 
1074 934 1647 
1075 905 904 
1076 925 449 
1077 960 1658 
1078 456 457 
1079 721 346 
1080 195 196 
1081 63 64 
1082 919 423 
1083 735 784 
1084 958 957 
1085 602 668 
1086 269 270 
1087 914 796 
1088 578 662 
1089 844 629 
1090 124 128 
1091 886 530 
1092 326 327 
1093 848 305 
1094 723 93 
1095 556 657 
1096 936 1706 
1097 278 970 
1098 751 459 
1099 670 739 
1100 857 432 
1101 821 98 
1102 793 386 
1103 679 1434 
1104 544 588 
1105 832 887 
1106 27 438 
1107 563 1394 
1108 770 933 
1109 695 1747 
1110 930 710 
1111 606 1771 
1112 968 1525 
1113 404 934 
1114 683 1858 
1115 774 396 
1116 874 215 
1117 941 254 
1118 898 354 
1119 599 974 
1120 860 149 
1121 306 797 
1122 882 594 
1123 835 135 
1124 336 873 
1125 970 279 
1126 945 772 
1127 678 975 
1128 914 660 
1129 760 210 
1130 600 596 
1131 762 946 
1132 546 545 
1133 112 116 
1134 702 742 
1135 222 855 
1136 918 316 
1137 618 947 
1138 798 941 
1139 495 496 
1140 717 538 
1141 767 638 
1142 574 727 
1143 764 920 
1144 471 1612 
1145 872 1503 
1146 623 724 
1147 788 726 
1148 711 330 
1149 182 1459 
1150 655 854 
1151 708 1755 
1152 902 244 
1153 664 906 
1154 332 353 
1155 700 1754 
1156 735 952 
1157 125 847 
1158 490 522 
1159 748 1456 
1160 560 1867 
1161 906 79 
1162 842 140 
1163 584 1688 
1164 359 360 
1165 483 481 
1166 537 608 
1167 213 214 
1168 747 159 
1169 280 281 
1170 146 147 
1171 805 454 
1172 958 600 
1173 613 687 
1174 409 410 
1175 895 170 
1176 452 710 
1177 775 265 
1178 685 896 
1179 563 1352 
1180 559 1493 
1181 385 386 
1182 115 113 
1183 648 830 
1184 930 929 
1185 876 1578 
1186 801 22 
1187 616 1683 
1188 413 414 
1189 231 232 
1190 778 578 
1191 560 612 
1192 675 598 
1193 184 185 
1194 798 250 
1195 695 837 
1196 229 786 
1197 496 497 
1198 531 806 
1199 46 47 
1200 528 1533 
1201 537 1707 
1202 936 96 
1203 768 1594 
1204 828 678 
1205 552 1483 
1206 803 635 
1207 218 219 
1208 698 775 
1209 186 1639 
1210 108 1479 
1211 838 1853 
1212 5 6 
1213 743 1354 
1214 577 782 
1215 607 935 
1216 151 152 
1217 521 527 
1218 287 288 
1219 171 172 
1220 448 449 
1221 624 816 
1222 433 434 
1223 408 795 
1224 903 83 
1225 85 1618 
1226 890 284 
1227 91 92 
1228 551 1425 
1229 666 758 
1230 794 940 
1231 809 17 
1232 625 1636 
1233 789 626 
1234 926 318 
1235 897 415 
1236 971 628 
1237 301 302 
1238 901 447 
1239 721 873 
1240 971 392 
1241 972 656 
1242 766 467 
1243 272 273 
1244 619 869 
1245 445 1418 
1246 450 451 
1247 737 880 
1248 718 853 
1249 753 802 
1250 822 75 
1251 652 1689 
1252 419 420 
1253 347 348 
1254 363 364 
1255 144 145 
1256 769 658 
1257 633 792 
1258 650 956 
1259 746 377 
1260 605 783 
1261 71 827 
1262 644 1471 
1263 946 845 
1264 62 63 
1265 703 604 
1266 375 376 
1267 773 1560 
1268 694 1509 
1269 651 832 
1270 5 894 
1271 369 370 
1272 546 590 
1273 886 541 
1274 122 1540 
1275 620 754 
1276 81 82 
1277 691 1714 
1278 874 217 
1279 2 3 
1280 754 236 
1281 643 827 
1282 629 790 
1283 25 26 
1284 80 81 
1285 877 290 
1286 550 700 
1287 566 1366 
1288 251 252 
1289 692 575 
1290 379 380 
1291 791 1357 
1292 639 826 
1293 788 623 
1294 47 48 
1295 721 338 
1296 557 642 
1297 781 212 
1298 604 808 
1299 617 655 
1300 549 969 
1301 953 416 
1302 1705 453 
1303 630 801 
1304 535 973 
1305 43 44 
1306 771 1782 
1307 168 169 
1308 862 682 
1309 883 179 
1310 811 647 
1311 806 871 
1312 299 300 
1313 764 883 
1314 603 923 
1315 161 162 
1316 259 870 
1317 588 713 
1318 929 1552 
1319 23 24 
1320 580 723 
1321 543 1497 
1322 633 1607 
1323 558 1556 
1324 417 418 
1325 782 889 
1326 629 1416 
1327 566 1462 
1328 426 427 
1329 351 333 
1330 473 474 
1331 665 841 
1332 489 523 
1333 626 573 
1334 638 553 
1335 901 24 
1336 955 954 
1337 601 1871 
1338 763 1494 
1339 686 670 
1340 15 16 
1341 733 246 
1342 339 340 
1343 868 461 
1344 911 785 
1345 812 1401 
1346 804 1474 
1347 517 518 
1348 784 102 
1349 961 602 
1350 813 483 
1351 718 1248 
1352 563 658 
1353 746 1259 
1354 743 504 
1355 518 977 
1356 692 1289 
1117 255 829 
1357 791 1804 
1358 443 444 
1359 894 5 
1333 726 788 
1079 347 1253 
1109 772 946 
1360 891 284 
1129 696 627 
1361 866 604 
1362 619 1244 
1363 733 1341 
1364 854 1067 
1822 567 1765 
1366 566 624 
1367 747 1168 
1368 683 1114 
1369 412 734 
1072 447 901 
1334 961 1349 
1370 965 272 
1650 560 1160 
1372 437 1038 
1373 807 750 
1149 714 1723 
1374 769 1053 
1375 662 904 
1376 57 58 
1377 440 441 
1378 96 936 
1379 584 1163 
1380 877 1285 
1381 649 756 
1382 742 1013 
1383 581 730 
1384 290 291 
1385 855 223 
1386 605 1260 
1151 777 640 
1387 857 1100 
981 466 766 
1388 724 505 
1389 1635 20 
1390 714 883 
1391 372 997 
1392 778 475 
1393 508 509 
1394 563 1179 
1300 570 572 
1395 873 336 
1396 319 523 
1397 38 983 
1398 777 618 
1399 530 886 
1400 570 645 
1401 812 342 
1402 90 91 
1403 359 1164 
1404 786 1687 
1241 555 973 
1405 813 905 
1406 585 674 
1407 945 1126 
1056 37 962 
1408 732 801 
1031 639 1292 
1409 282 283 
1328 745 736 
1410 895 684 
1411 676 802 
1412 438 27 
1240 393 674 
1413 927 918 
1414 775 1177 
1415 767 1773 
1029 876 1185 
1416 629 1282 
1417 555 909 
985 632 818 
1009 529 596 
1171 455 878 
1281 73 822 
1418 445 446 
1419 793 1686 
1420 185 186 
1421 551 594 
1422 937 723 
1423 725 471 
988 840 663 
1424 681 879 
1425 551 1626 
1426 931 498 
1295 339 1342 
1427 340 341 
1428 954 661 
1429 530 558 
1430 677 893 
1040 920 764 
1431 770 1108 
1432 569 943 
1433 434 1059 
1434 679 1630 
1435 429 430 
1436 798 1138 
1437 786 229 
1438 700 811 
1439 812 1345 
1002 133 134 
1440 676 774 
1441 599 1119 
1442 613 1173 
1157 846 127 
1443 697 933 
1444 101 102 
1210 689 107 
1445 250 251 
1200 617 595 
1446 210 1069 
1447 539 1838 
1448 730 1030 
1449 299 1312 
1450 875 516 
1451 574 1142 
1452 795 409 
1453 924 3 
1454 773 1267 
1455 919 1082 
1456 748 68 
1457 926 1234 
1130 529 806 
1458 195 1080 
1459 182 183 
1028 879 864 
1460 824 622 
1461 763 1338 
1462 566 1287 
1463 971 1236 
1464 610 784 
1465 708 457 
1133 912 111 
1045 368 690 
1194 761 253 
1116 216 217 
987 758 907 
1466 155 1004 
1467 356 357 
1468 571 548 
1469 537 1201 
1470 671 1684 
1211 839 837 
1121 493 848 
1471 644 860 
1239 337 338 
1472 30 31 
1473 884 748 
1474 804 636 
1475 571 660 
1324 750 953 
1476 460 461 
1477 734 1015 
1478 749 269 
1479 108 109 
1480 784 1348 
1481 166 167 
1482 939 263 
1483 552 655 
1339 45 46 
1484 902 1152 
1485 783 501 
1146 323 787 
1486 1 2 
1487 685 842 
1488 667 803 
1489 807 420 
1490 958 1084 
1176 956 878 
1491 965 687 
1492 616 1187 
1286 577 564 
1493 559 995 
1494 763 1738 
1099 42 43 
1495 81 1276 
1496 669 994 
1497 543 615 
1190 966 707 
1498 925 452 
1297 213 1167 
1008 627 575 
1499 295 296 
996 578 1783 
1500 704 750 
1501 839 1821 
1502 193 194 
1503 872 348 
1504 929 1318 
1505 97 98 
1506 625 800 
1507 608 714 
1037 203 867 
1291 552 1205 
1508 573 711 
1509 694 899 
1510 724 623 
1511 309 310 
1512 896 143 
1513 850 806 
1514 567 652 
1515 961 957 
1516 558 611 
1517 930 1184 
1518 621 629 
1519 139 140 
1520 610 555 
984 728 865 
1060 499 500 
1521 265 266 
1522 712 1047 
1274 814 942 
1523 849 453 
1524 723 1094 
1101 952 656 
1250 841 665 
1275 642 557 
1206 893 8 
1525 968 1677 
1526 890 1226 
1527 702 1016 
1528 325 326 
1180 637 850 
1529 232 233 
1065 204 205 
1530 547 536 
1113 705 403 
1531 970 1125 
1223 949 407 
1532 872 1145 
1533 528 606 
1256 835 1123 
1534 797 492 
1535 719 919 
1039 34 35 
1536 554 882 
1110 450 1246 
1537 535 1304 
1538 927 1841 
1204 766 1242 
1539 762 1036 
1540 122 1701 
1043 200 196 
1541 809 1231 
1542 700 1155 
1543 644 1262 
1544 922 982 
1545 270 271 
1546 754 1280 
1005 857 635 
1547 262 1017 
1548 142 896 
1249 401 402 
1549 258 259 
1550 531 607 
1551 484 940 
1552 929 442 
1553 583 698 
1554 963 1022 
1074 672 935 
1555 104 105 
1556 558 643 
1557 871 805 
1558 640 921 
1559 25 1283 
1560 773 912 
1561 759 168 
1562 892 890 
1563 703 740 
1564 722 974 
1565 632 910 
1566 788 1293 
1097 757 277 
1159 70 715 
1854 587 1715 
1143 178 179 
1568 177 178 
1233 888 327 
1178 974 599 
1569 707 473 
1825 801 1186 
1571 39 40 
1572 694 1660 
1573 917 1050 
1574 699 243 
1575 819 636 
1228 585 542 
1576 405 406 
1577 717 726 
1315 713 808 
1578 876 88 
1579 642 853 
1580 615 1026 
1581 861 1001 
1192 756 852 
986 121 881 
1582 744 1654 
1583 741 765 
1584 183 184 
1051 797 307 
1585 906 1161 
1586 718 1685 
978 384 385 
1587 398 399 
1588 187 188 
1589 646 768 
1590 845 955 
1237 496 1197 
1591 898 768 
1592 158 159 
1593 827 71 
1594 768 1734 
1271 804 1346 
1054 691 932 
1836 571 1694 
1595 724 322 
992 297 298 
1596 647 593 
1597 739 1033 
1598 859 49 
1599 653 1071 
1600 621 810 
1601 533 534 
1135 728 221 
1602 476 477 
1085 739 670 
1105 576 1710 
1603 648 1183 
1347 914 1128 
1604 630 1303 
1124 872 335 
1331 664 586 
1605 858 374 
1606 26 438 
1607 633 1257 
1608 688 892 
1609 98 99 
1610 686 47 
1139 303 848 
1611 421 422 
1612 471 472 
1214 931 673 
1172 650 1258 
1613 601 679 
1614 863 1864 
1235 953 704 
1615 907 666 
1344 751 669 
1616 673 783 
1617 538 717 
1618 85 86 
1619 856 654 
1032 470 725 
1620 363 1254 
1621 489 1332 
1170 755 974 
1156 100 101 
1166 651 1269 
1622 588 1317 
1623 458 459 
1624 544 1845 
1041 716 164 
1073 681 575 
1292 780 1031 
1441 562 534 
1145 350 1532 
1625 11 12 
1626 551 1421 
1024 794 1350 
1627 605 1386 
1531 820 653 
1628 769 1374 
1629 243 244 
1595 323 1146 
1578 89 1185 
1630 679 1063 
1757 676 1411 
1181 921 978 
1631 881 1766 
1632 714 833 
1563 153 154 
1633 622 824 
1634 582 744 
1038 29 1372 
1404 752 620 
1486 924 435 
1320 936 1096 
1346 690 1271 
1446 696 1129 
1456 69 1159 
993 789 1233 
1299 552 595 
1623 751 947 
1289 627 1356 
1360 890 892 
1635 851 1018 
1017 939 1547 
1562 288 1019 
1263 695 1109 
1000 492 797 
1445 761 1194 
1636 625 1506 
1276 903 1495 
1261 715 70 
1491 613 749 
1112 645 570 
1251 613 1514 
1221 757 1366 
1637 88 876 
1638 51 52 
1639 186 187 
1398 785 979 
1091 551 542 
1242 468 1204 
1640 616 1492 
1227 836 1402 
1641 738 530 
1642 358 1052 
1540 130 1274 
1107 533 1501 
1520 656 735 
1093 306 1121 
1643 727 139 
1152 245 1484 
1310 877 1380 
1644 614 775 
1468 592 1852 
1080 202 1458 
1298 588 1361 
1489 854 655 
1571 739 709 
1645 775 939 
1516 715 643 
1646 823 867 
1539 538 1781 
1647 934 405 
1648 795 1452 
1025 759 1481 
1649 635 803 
1650 1371 560 
1067 423 1364 
1651 850 637 
1652 883 714 
1508 646 725 
1089 621 1600 
1653 702 1134 
1654 744 274 
1609 952 1101 
1305 670 1099 
1559 440 1072 
1293 787 1566 
1655 909 730 
1168 160 1367 
1656 704 1500 
1657 915 593 
1232 569 1368 
1564 896 1512 
1338 464 1461 
1658 960 662 
1391 804 371 
1659 748 884 
1601 562 544 
1179 574 1394 
1534 493 1121 
1605 375 1266 
1660 694 1268 
1661 569 1432 
1662 48 49 
1663 428 429 
1541 851 654 
1362 678 1127 
1664 510 1746 
1316 899 1549 
1108 511 1431 
1665 803 8 
1666 515 516 
1034 556 1603 
1301 417 1324 
1667 767 1141 
1668 680 901 
1035 294 1438 
1267 119 1454 
1530 546 1272 
1314 632 1565 
1557 600 1311 
1824 508 1393 
1670 557 1296 
1092 888 1528 
1253 873 1079 
1671 1027 855 
1162 141 1487 
1016 55 1527 
1672 590 684 
1425 628 1228 
1673 782 1325 
1521 834 1177 
1545 965 1086 
1674 524 319 
1675 630 1604 
1536 708 640 
1676 591 764 
1535 631 1205 
1677 968 967 
1349 686 1334 
1022 436 1554 
1369 792 411 
1167 874 1297 
1224 861 659 
1243 938 1370 
1444 784 735 
1678 930 961 
1679 676 1440 
1319 680 1570 
1680 767 1415 
1287 653 1462 
1030 132 1448 
1387 677 1430 
1681 928 430 
1050 311 1573 
1427 812 1342 
1682 912 117 
1683 616 716 
1071 283 1599 
1684 671 948 
1685 718 1351 
1355 914 1347 
1203 975 1589 
1254 366 1620 
1686 793 1102 
1687 786 1437 
1336 838 837 
1542 577 1286 
1502 879 1028 
1400 661 572 
1246 442 1110 
1688 584 712 
1689 652 834 
1488 10 1871 
1690 865 212 
1257 734 1607 
1691 752 233 
1010 454 1801 
1692 155 1466 
1229 738 1567 
1321 779 1742 
1064 900 1572 
1197 889 1237 
1693 420 421 
1694 571 1475 
1493 528 1180 
1345 344 1439 
1426 499 1060 
1154 898 331 
1417 581 973 
1695 819 910 
1001 85 1581 
1696 641 1042 
1529 752 1189 
1199 686 1339 
1103 631 1613 
1697 554 671 
1061 321 1388 
1033 41 1597 
1408 630 999 
1161 80 1585 
1511 693 1051 
1357 654 1291 
1698 151 1216 
1699 456 1078 
1332 320 1621 
1700 884 1473 
1701 122 123 
1215 559 1550 
1277 189 932 
1702 838 954 
1703 875 1450 
1140 1829 788 
1348 103 1480 
1136 317 1413 
1704 933 770 
1123 136 1256 
1472 36 1056 
1006 537 1469 
1705 925 1498 
1084 553 1490 
1706 936 1202 
1526 286 287 
1556 665 1323 
1707 537 649 
1120 740 1471 
1330 475 1569 
1405 478 479 
1708 568 862 
1709 779 960 
1207 781 874 
1353 379 1290 
1710 576 728 
1164 950 1403 
1236 817 1463 
1082 424 1455 
1711 549 955 
1459 833 1149 
1712 684 895 
1713 539 582 
1196 675 852 
1714 691 843 
1436 733 1363 
1583 609 1163 
1012 209 760 
1715 587 794 
1269 649 1166 
1460 825 1144 
1716 583 697 
1717 564 673 
1718 298 299 
1081 765 741 
1719 642 754 
1720 104 1555 
1721 941 829 
1014 568 1497 
1722 176 1796 
1273 885 1399 
1723 714 1390 
1209 692 1420 
1262 703 1543 
1307 895 1561 
1076 710 452 
1304 581 1537 
1832 926 1457 
1011 947 1465 
1447 550 1036 
1068 612 1406 
1395 337 1239 
1725 310 917 
1726 785 618 
982 509 1544 
1727 581 1383 
1150 719 1483 
1524 95 96 
1615 940 486 
1728 664 1153 
1729 540 614 
1409 820 281 
1013 59 1382 
1464 706 1768 
1479 773 1210 
1730 935 705 
1496 603 720 
1731 827 1593 
1732 887 183 
1418 963 1245 
1173 582 1442 
1317 716 1622 
1373 418 419 
1733 924 1453 
1602 904 1058 
1734 768 898 
1258 957 1172 
1787 688 1608 
1188 897 1477 
1736 690 950 
1294 859 1610 
1416 591 1326 
1057 689 916 
1737 460 1476 
1738 763 868 
1739 717 1577 
1740 14 15 
1741 839 937 
1111 704 1533 
1725 693 1511 
1216 153 1698 
1565 746 1314 
1115 397 1440 
1742 779 1709 
1358 445 1318 
1234 525 1457 
1212 893 1359 
1743 919 998 
1290 720 1353 
1669 683 507 
1490 639 1031 
1169 820 1531 
1354 505 1213 
1653 541 1009 
1744 763 1461 
1313 608 1676 
1745 818 359 
1746 510 511 
1430 635 1387 
1260 743 1386 
1390 180 1723 
1576 949 1647 
1252 807 1373 
1747 695 533 
1748 90 1402 
1749 545 683 
1714 188 1277 
1750 891 892 
1202 97 1706 
1523 454 1010 
1471 740 1262 
1352 769 1179 
1377 447 1072 
1662 859 1294 
1376 742 56 
1288 761 1445 
1751 362 363 
1230 666 1715 
1086 965 1478 
1437 230 1687 
1589 975 678 
1415 639 1680 
1684 817 1470 
1752 430 431 
1487 141 142 
1375 905 1658 
1420 692 1193 
1566 888 626 
1247 87 88 
1753 745 428 
1003 36 1472 
1255 722 1564 
1187 759 1492 
1643 842 1142 
1394 534 1107 
1453 894 1733 
1329 334 872 
1503 349 1145 
1594 356 1203 
1266 819 1605 
1654 816 1582 
1466 158 1692 
1741 580 1819 
1754 700 1438 
989 30 1056 
1413 317 926 
1755 708 1465 
1756 583 1716 
1498 453 1705 
1757 1191 676 
1758 707 1569 
1175 171 1712 
1421 882 1626 
1296 718 1670 
1759 684 810 
1482 264 1645 
1144 825 1423 
1462 891 1811 
1730 934 1074 
1475 914 1694 
1272 621 1530 
1370 938 687 
1673 931 1214 
1660 515 1572 
1128 913 1347 
1546 238 1719 
1588 843 1639 
1760 815 1868 
1279 924 1486 
1761 686 1610 
1026 903 1580 
1126 944 1407 
1388 321 322 
1458 823 681 
977 796 1355 
979 383 1398 
1581 682 862 
1555 916 1720 
1590 695 1263 
1648 633 995 
1707 598 1201 
1762 549 1711 
1686 948 1419 
1763 752 1691 
1718 782 992 
1764 627 867 
1118 355 1734 
1414 652 1644 
1100 433 1387 
1848 567 1514 
997 858 1391 
1766 881 121 
1767 699 1574 
1768 706 881 
1499 729 1155 
1769 916 689 
1469 548 1006 
1770 609 884 
1708 532 779 
1259 378 1353 
1538 492 1000 
1771 606 734 
1570 680 1303 
1364 919 719 
1366 757 1287 
1284 776 1585 
1664 697 509 
1551 794 1024 
1153 776 1728 
1659 66 67 
1428 836 1702 
1127 908 1362 
1655 581 1417 
1392 476 1058 
1278 218 1207 
1396 489 1674 
1507 651 1166 
1226 285 1526 
1710 855 1105 
1772 595 999 
1397 963 1554 
1593 72 1731 
1342 812 1295 
1773 767 52 
1401 343 1345 
1075 478 1405 
1312 889 1449 
1044 129 1701 
1591 711 1148 
1042 660 1696 
1774 799 813 
1775 862 1308 
1244 766 1362 
1367 808 604 
1361 588 544 
1497 568 1321 
1036 550 1539 
1646 627 1008 
1138 597 1436 
1185 90 1029 
1506 922 1636 
1668 448 1220 
1695 632 985 
1736 362 1045 
1776 717 1739 
1823 941 1721 
1439 345 721 
1778 850 1513 
1282 731 1416 
1448 133 1002 
1533 704 1656 
1779 583 1553 
1311 600 1130 
1780 899 770 
1699 882 1122 
1611 854 1693 
1649 667 1005 
1726 751 1344 
1132 815 1624 
1504 709 668 
1781 538 1617 
1543 866 562 
1679 398 1587 
1048 646 1508 
1782 771 922 
1783 578 1088 
1618 880 1225 
1517 602 961 
1474 976 1346 
1784 832 1027 
1335 25 1072 
1174 792 1452 
1785 622 1633 
1786 542 1820 
1372 30 436 
1337 11 1625 
1634 624 1023 
1069 865 1446 
1787 1735 688 
1509 513 1268 
1788 917 1573 
1689 749 1251 
1433 677 1222 
1789 790 176 
1119 755 1441 
1147 717 1140 
1183 900 1603 
1053 137 1374 
1790 742 1382 
1740 791 1434 
1047 61 1522 
1704 663 1443 
1791 759 1561 
1018 20 1635 
1384 292 1285 
1083 610 1520 
1248 240 1351 
1606 439 1283 
1020 610 942 
1681 857 1005 
994 763 1496 
1690 781 984 
1322 528 1493 
1399 885 1007 
1549 899 694 
1792 105 106 
1657 550 1447 
1429 586 1641 
1383 835 1727 
1793 787 325 
1094 94 1524 
1584 692 1732 
1794 565 623 
1160 531 1650 
1483 719 1205 
1597 42 1099 
1795 653 1599 
1796 176 177 
1560 118 1267 
1600 173 1089 
1797 803 1665 
1463 391 392 
1798 818 632 
1596 915 1842 
1141 859 1667 
1799 580 972 
1666 875 1064 
1800 959 892 
1801 454 805 
1802 773 1454 
1341 247 1363 
1803 863 1614 
1052 818 1642 
1804 791 15 
1616 605 1717 
1525 579 1112 
1805 951 166 
1738 462 1494 
1515 956 1678 
1476 868 1737 
1231 18 1541 
1580 659 1014 
1683 951 1187 
1449 782 1718 
1238 448 1668 
1630 14 1434 
1450 913 1703 
1806 622 1785 
1624 815 533 
1780 512 513 
1747 815 1109 
1698 740 150 
1797 10 1488 
1495 776 1284 
1772 528 1200 
1125 280 1531 
1861 545 1749 
1512 144 1564 
1359 893 677 
1678 956 710 
1148 331 1591 
1522 62 1264 
1791 590 1492 
1691 234 1763 
1711 845 1762 
1647 949 1074 
1607 606 1322 
1177 834 1414 
1382 712 1790 
1323 586 1429 
1547 698 840 
1651 849 1010 
1452 792 1648 
1403 976 1745 
1222 677 1387 
1642 923 908 
1465 947 1755 
1808 945 1407 
1265 866 1543 
1809 668 709 
1599 284 1795 
1208 614 1553 
1340 809 1804 
1438 294 1754 
1793 888 1566 
1527 56 742 
1652 608 1313 
1637 737 1247 
1810 591 1676 
1193 692 1584 
1663 928 1753 
1792 916 1555 
991 816 1654 
1656 1200 1533 
1811 891 1750 
1743 631 1535 
1688 741 1163 
1573 313 1788 
1758 778 1190 
1308 579 1775 
1470 628 1697 
1225 682 1581 
1771 897 1111 
1658 905 1077 
1783 779 996 
1137 751 1726 
1781 549 1539 
1027 832 1105 
1478 965 1491 
1693 854 1489 
1350 794 1774 
1554 962 1397 
1625 679 1337 
1752 857 1681 
1402 836 1748 
1812 694 1572 
1363 249 1436 
1066 554 640 
1575 858 1605 
1184 668 1517 
1776 969 1617 
1326 547 1518 
1813 838 1702 
1733 677 1433 
1021 362 1736 
1494 463 1338 
1218 890 1526 
1582 624 1634 
1501 533 695 
1374 727 1628 
1737 669 751 
1380 293 1310 
1055 817 1684 
1764 760 1129 
1720 706 784 
1814 657 902 
1815 603 763 
1816 725 1423 
1680 553 638 
1201 557 1469 
1585 776 1153 
1381 598 1707 
1004 157 1466 
1620 367 1751 
1817 557 1670 
1189 752 1404 
1096 972 1320 
1818 581 1727 
1761 638 1334 
1268 514 1660 
1485 743 1260 
1351 241 1685 
1779 540 771 
1007 558 1399 
1722 731 1789 
1612 824 1144 
1682 118 1560 
1379 541 1653 
1356 576 887 
1385 224 1671 
1819 580 1799 
1019 289 1800 
1766 122 1631 
1820 542 585 
1734 355 1594 
1467 975 1203 
1205 631 1291 
1821 839 535 
1283 439 1559 
1023 566 1713 
1731 73 1281 
1245 709 1504 
1801 871 1010 
1378 723 1524 
1386 724 1627 
1639 843 1209 
1070 66 1659 
1343 462 1738 
1622 616 1104 
1822 1365 567 
1773 826 1415 
1770 885 541 
1608 959 1787 
1823 1777 941 
1454 120 1802 
980 949 1576 
1548 685 1487 
1759 621 1672 
1712 171 1219 
1719 238 853 
1824 1669 508 
1613 631 736 
1825 1570 801 
1826 556 641 
1102 387 1686 
1827 543 587 
1411 634 1757 
1513 531 1778 
1198 529 1371 
1598 50 1667 
1828 586 664 
1829 565 1794 
1062 802 1587 
1701 129 1540 
1579 718 1296 
1424 195 1458 
1568 920 1796 
1473 611 1700 
1746 933 1664 
1677 532 1525 
1830 534 574 
1058 904 662 
1114 625 1368 
1481 759 1805 
1603 556 1095 
1769 881 706 
1422 580 1741 
1632 651 1507 
1629 902 1574 
1280 237 1546 
1087 589 1694 
1303 680 1604 
1302 849 1614 
1645 264 265 
1723 181 1149 
1309 180 1390 
1519 842 1643 
1692 747 154 
1389 732 856 
1325 498 1673 
1078 708 1699 
1831 592 699 
1709 799 1742 
983 709 1397 
995 633 1493 
1122 701 1699 
1636 943 1232 
1532 351 1329 
1832 1724 926 
1661 772 1760 
1443 663 1716 
1440 397 1679 
1833 614 1644 
1784 224 831 
1220 863 1668 
1063 13 1630 
1285 292 1380 
1461 869 1744 
1834 925 1705 
1826 571 1468 
1760 772 1109 
1767 657 1831 
1835 818 1745 
1754 295 1155 
1586 592 1670 
1836 990 571 
1134 584 1653 
1553 614 1779 
1756 840 698 
1610 859 1761 
1455 425 998 
1431 512 1780 
1650 531 1198 
1837 560 1191 
999 630 1772 
1830 599 1441 
1838 539 1713 
1604 863 1675 
1528 888 1793 
1671 224 1784 
1799 973 1819 
1558 793 1066 
1839 564 1717 
1785 966 1806 
1219 810 1712 
1088 960 1783 
1748 661 1029 
1567 738 1827 
1732 692 1356 
1687 231 1404 
1789 731 1282 
1592 747 1692 
1727 658 1818 
1702 836 1813 
1840 918 917 
1098 460 1737 
1477 897 1771 
1750 688 1811 
1778 559 1180 
1782 697 1306 
1817 548 1469 
1841 927 1724 
1407 540 1808 
1798 923 1642 
1628 574 1179 
1077 799 1709 
1569 475 1758 
1755 618 1151 
1805 759 1187 
1587 802 1679 
1796 920 1722 
1318 445 1504 
1537 563 1821 
1435 928 1663 
1700 885 1770 
1213 724 1386 
1842 915 1735 
1059 924 1433 
1843 799 1774 
1410 590 1791 
1163 609 1379 
1844 745 1753 
1518 547 1530 
1393 800 1824 
1631 942 1768 
1802 689 1210 
1809 739 1085 
1186 23 1825 
1432 944 1661 
1142 842 1451 
1845 544 1104 
1619 851 1635 
1846 694 1812 
1617 969 1781 
1480 104 1720 
1697 628 1425 
1703 660 1042 
1500 617 1656 
1368 569 1749 
1095 597 1603 
1847 573 725 
1800 289 877 
1777 597 1138 
1794 788 1829 
1371 529 542 
1742 587 1321 
1721 648 1823 
1434 791 1103 
1804 809 1357 
1577 825 1739 
1665 9 1797 
1264 741 1522 
1848 1765 567 
1751 367 1045 
1849 657 1814 
1706 821 1096 
1850 586 1828 
1762 762 1539 
1676 608 1810 
1775 532 1708 
1644 652 1833 
1851 752 1763 
1672 621 1272 
1667 50 51 
1406 612 1820 
1729 567 1808 
1705 1302 1834 
1015 413 1477 
1816 726 1847 
1832 491 1841 
1852 592 1831 
1825 23 1319 
1853 838 1813 
1845 546 1624 
1854 1567 587 
1484 733 1814 
1855 547 591 
1818 563 1537 
1811 1327 1462 
1812 830 1846 
1856 566 1327 
1857 825 622 
1744 619 1815 
1858 683 1669 
1787 959 1842 
1835 636 985 
1670 592 1817 
1614 849 1803 
1788 314 1840 
1713 566 1838 
1786 560 1371 
1306 583 1779 
1419 671 1066 
1574 902 1767 
1685 699 1586 
1633 707 1785 
1505 821 1706 
1859 536 990 
1550 559 1778 
1724 927 1413 
1753 928 1844 
1716 663 1756 
1155 729 1542 
1638 767 1667 
1860 597 1777 
1851 754 620 
1675 637 528 
1195 839 1501 
1819 535 1741 
1561 895 1791 
1544 697 1782 
1626 554 1425 
1696 571 1826 
1861 1807 545 
1790 584 1134 
1635 1389 1619 
1757 634 1837 
998 736 1743 
1510 565 1627 
1862 564 1839 
1552 443 1318 
1442 539 1765 
1739 561 1776 
1863 762 1365 
1768 942 1464 
1843 587 1742 
1451 599 1830 
1828 615 1850 
1839 565 1862 
1457 491 1832 
1795 891 1462 
1104 616 1845 
1841 491 1538 
1814 733 1849 
1831 657 1852 
1763 235 1851 
1824 800 1858 
1864 925 1834 
1765 539 1822 
1813 92 1853 
1715 666 1854 
1423 825 1816 
1842 959 1596 
1365 762 1131 
1806 561 1857 
1833 567 1729 
1572 900 1812 
1745 976 1835 
1803 637 1675 
1815 619 923 
1728 615 1828 
1846 257 258 
1840 314 315 
1810 537 1855 
1492 590 1640 
1865 601 745 
1694 589 1836 
1749 569 1861 
1847 726 1333 
1641 586 1850 
1807 815 1132 
1514 613 1848 
1866 565 1829 
1821 563 1501 
1820 612 1786 
1867 560 1837 
1859 589 545 
1774 794 1843 
1860 648 1603 
1735 915 1856 
1849 597 1095 
1854 666 1229 
1717 605 1839 
1836 589 1859 
1857 561 1739 
1853 937 1211 
1827 738 1641 
1837 634 1867 
1131 945 1365 
1848 613 1442 
1852 556 1468 
1864 863 449 
1868 815 1807 
1866 538 1862 
1640 546 1845 
1869 601 1865 
1823 648 1860 
1863 539 1036 
1855 537 1006 
1858 800 1114 
1838 915 1447 
1627 565 1839 
1865 667 1869 
1868 569 1760 
1867 607 1160 
1808 567 1365 
1870 550 564 
1850 543 1641 
1822 539 1863 
1834 1614 1864 
1856 915 1838 
1829 1140 1866 
1870 538 1539 
1327 688 1856 
1861 569 1868 
1844 667 1865 
1871 601 1869 
1871 10 1337 
1862 538 1870 
1869 1488 1871 
