894 677 924 
898 711 331 
893 5 6 
555 814 909 
895 168 169 
7 893 6 
33 34 32 
558 715 643 
284 285 890 
742 702 56 
34 35 32 
736 745 601 
903 81 82 
7 8 893 
3 924 2 
431 432 857 
1 2 924 
921 384 385 
803 10 667 
137 727 769 
10 11 601 
612 585 674 
679 12 13 
796 914 518 
915 647 593 
10 601 667 
230 786 229 
679 13 14 
803 893 8 
664 776 615 
35 36 31 
240 853 239 
550 539 915 
30 31 36 
36 37 30 
35 31 32 
739 602 668 
842 599 574 
446 963 445 
38 962 37 
39 709 38 
962 30 37 
588 604 808 
30 436 437 
29 437 28 
29 30 437 
558 643 665 
27 28 437 
437 438 27 
971 585 628 
632 819 910 
603 632 746 
27 438 26 
591 629 731 
891 566 653 
616 759 590 
963 446 436 
815 545 569 
443 444 445 
736 426 745 
274 275 816 
588 716 616 
763 463 464 
435 1 924 
471 825 725 
677 635 857 
433 434 677 
575 692 843 
431 857 430 
677 857 433 
834 775 265 
601 745 667 
429 430 928 
50 767 859 
14 15 791 
569 545 683 
637 850 559 
745 428 928 
651 537 608 
745 427 428 
919 631 719 
578 779 532 
705 934 935 
736 425 426 
843 186 187 
919 719 854 
919 425 736 
3 4 894 
423 919 854 
925 710 452 
791 631 679 
908 357 358 
809 17 18 
787 324 325 
20 851 19 
19 851 18 
11 12 679 
605 724 565 
26 439 25 
538 564 565 
25 440 447 
440 25 439 
702 584 541 
571 592 556 
8 9 803 
548 557 592 
423 854 422 
535 839 580 
854 807 420 
21 22 732 
563 574 534 
809 851 654 
901 24 25 
967 968 561 
851 856 654 
587 666 738 
595 732 630 
913 516 517 
447 901 25 
680 901 448 
447 440 441 
18 851 809 
26 438 439 
663 583 697 
710 450 930 
769 727 574 
43 44 670 
687 744 582 
42 670 739 
782 297 298 
668 709 739 
551 758 594 
45 46 686 
628 554 671 
686 670 45 
592 657 556 
859 47 48 
42 43 670 
738 666 758 
859 686 47 
443 929 442 
818 636 632 
641 660 571 
929 445 709 
51 52 767 
686 602 670 
767 52 826 
563 581 658 
48 49 859 
910 377 746 
645 570 968 
50 51 767 
876 90 661 
53 54 826 
550 700 577 
41 42 739 
884 66 748 
557 598 675 
57 58 742 
67 748 66 
949 408 795 
54 55 780 
114 115 113 
774 394 395 
528 633 606 
115 112 113 
915 688 959 
607 705 935 
961 638 553 
116 112 115 
60 61 712 
712 59 60 
741 62 63 
626 789 573 
581 730 835 
596 639 780 
912 112 116 
116 117 912 
118 773 912 
112 912 111 
560 612 676 
954 955 572 
88 876 737 
62 741 712 
615 659 568 
553 638 767 
651 608 714 
700 550 593 
731 629 790 
441 442 451 
696 760 210 
703 747 604 
450 451 442 
451 447 441 
741 584 712 
784 104 706 
650 958 600 
674 393 394 
146 147 755 
442 929 930 
63 765 741 
65 765 64 
452 453 925 
450 710 449 
823 867 627 
155 747 154 
455 805 454 
680 448 863 
69 70 748 
57 742 56 
71 715 70 
611 748 715 
713 716 588 
878 805 455 
541 584 609 
415 897 414 
546 621 547 
863 630 680 
972 973 580 
110 111 912 
715 748 70 
886 551 542 
915 566 688 
328 329 789 
508 509 800 
109 110 773 
623 788 565 
108 689 107 
773 108 109 
886 529 541 
106 689 916 
756 649 831 
715 558 611 
174 175 790 
75 841 822 
485 940 484 
546 547 536 
77 841 76 
567 539 762 
67 68 748 
472 824 471 
547 621 629 
776 664 906 
77 906 841 
835 769 658 
822 841 665 
920 176 177 
827 72 73 
610 784 706 
609 884 885 
612 542 585 
637 528 630 
773 118 119 
557 675 620 
646 711 768 
906 78 79 
552 719 631 
617 552 595 
919 423 424 
421 854 420 
415 953 897 
720 911 669 
575 627 692 
606 734 897 
106 916 105 
753 607 634 
734 412 413 
669 603 720 
897 413 414 
610 656 735 
233 234 752 
792 410 411 
745 426 427 
949 795 672 
792 412 734 
100 952 99 
339 340 812 
531 607 559 
558 665 586 
408 409 795 
406 407 949 
514 515 694 
405 949 934 
682 737 579 
416 417 953 
669 763 603 
615 586 664 
403 404 705 
708 456 457 
753 634 802 
402 753 401 
537 651 649 
551 628 585 
403 705 402 
590 546 616 
676 397 398 
753 802 401 
55 56 702 
705 404 934 
958 596 600 
697 510 933 
396 774 395 
817 971 628 
394 774 674 
393 971 392 
536 589 545 
94 723 93 
708 457 947 
484 940 794 
487 907 486 
483 484 794 
968 969 561 
802 398 399 
650 878 956 
676 398 802 
724 605 743 
417 418 750 
631 601 679 
782 931 577 
674 971 393 
838 839 837 
391 817 390 
628 551 554 
613 539 567 
921 385 386 
948 817 671 
891 892 688 
387 948 793 
793 386 387 
562 644 866 
777 708 618 
744 938 274 
539 550 762 
793 921 386 
452 956 878 
785 383 777 
384 921 777 
530 886 885 
616 544 588 
785 381 382 
767 638 859 
785 911 381 
868 460 461 
570 572 549 
383 785 382 
507 683 796 
459 751 458 
533 562 544 
618 947 751 
882 701 456 
462 868 461 
950 360 361 
566 582 624 
462 763 868 
481 482 483 
271 272 965 
462 463 763 
570 661 572 
293 877 292 
256 830 829 
867 204 760 
379 720 746 
409 410 792 
762 550 538 
865 781 728 
373 374 858 
819 858 375 
948 388 389 
375 376 819 
370 371 804 
373 858 372 
804 690 369 
338 339 721 
645 579 737 
746 377 378 
402 705 753 
819 636 858 
707 778 966 
560 676 634 
460 669 751 
686 46 47 
704 528 606 
738 543 587 
608 591 764 
120 121 689 
483 813 480 
466 869 465 
163 716 713 
703 604 866 
378 379 746 
748 68 69 
813 479 480 
869 466 766 
884 609 765 
468 828 766 
732 22 801 
578 662 960 
603 763 619 
903 615 776 
923 603 619 
950 361 362 
21 732 20 
533 534 562 
690 362 368 
243 244 902 
768 975 646 
827 73 643 
898 355 768 
768 356 975 
545 546 536 
357 975 356 
153 154 703 
761 253 798 
950 362 690 
960 905 799 
940 486 907 
121 122 881 
478 904 477 
586 530 558 
717 561 969 
903 83 861 
583 540 771 
475 476 778 
142 143 896 
895 170 171 
543 586 615 
880 682 85 
707 966 622 
804 369 370 
644 860 740 
646 470 725 
676 612 774 
876 661 645 
469 828 468 
372 858 804 
475 707 473 
470 646 828 
624 582 744 
824 707 622 
648 900 556 
474 475 473 
469 470 828 
787 788 623 
654 856 552 
586 665 664 
470 471 725 
970 757 278 
517 914 913 
363 364 366 
576 887 692 
581 535 973 
362 363 367 
661 570 645 
332 352 353 
164 165 716 
333 352 332 
333 334 351 
354 898 353 
353 898 332 
351 352 333 
311 917 310 
364 365 366 
210 211 865 
366 367 363 
368 362 367 
906 80 776 
644 703 866 
351 334 872 
780 55 702 
350 351 872 
348 349 872 
543 615 568 
801 22 23 
83 903 82 
547 537 536 
369 690 368 
625 943 569 
711 573 789 
873 872 336 
456 701 488 
541 885 886 
965 613 749 
815 544 546 
789 329 330 
421 422 854 
243 699 242 
330 331 711 
163 713 162 
888 326 327 
873 348 872 
760 204 205 
346 721 345 
791 679 14 
345 721 812 
873 347 348 
887 833 183 
346 347 721 
537 557 548 
812 343 344 
344 345 812 
341 812 340 
306 307 797 
568 862 532 
721 337 338 
337 721 873 
235 752 234 
969 538 717 
872 335 336 
768 355 356 
778 707 475 
86 880 85 
481 483 480 
80 81 776 
601 631 736 
533 695 839 
899 512 513 
948 390 817 
141 142 685 
755 562 599 
245 733 902 
703 740 153 
755 148 860 
151 152 153 
182 714 181 
747 158 159 
701 594 758 
72 827 71 
153 740 151 
729 700 295 
713 808 161 
896 143 144 
577 673 564 
842 141 685 
861 83 84 
896 685 142 
607 560 634 
974 685 896 
148 755 147 
141 842 140 
931 783 673 
722 974 896 
273 274 938 
582 613 687 
533 839 563 
562 534 599 
729 577 700 
156 157 155 
576 696 865 
747 159 160 
158 155 157 
552 617 655 
835 133 134 
160 808 747 
766 466 467 
162 713 161 
528 595 630 
620 642 557 
166 951 165 
380 720 379 
160 161 808 
951 759 616 
74 822 73 
165 951 716 
923 908 358 
601 11 679 
703 154 747 
168 759 167 
617 750 807 
684 171 810 
683 625 569 
810 171 172 
170 895 169 
100 735 952 
137 138 727 
614 583 698 
158 747 155 
428 429 928 
759 166 167 
542 612 560 
847 520 846 
106 107 689 
592 699 657 
529 600 596 
120 689 773 
527 127 521 
124 521 128 
124 128 519 
542 551 585 
180 883 179 
586 543 738 
534 574 599 
123 519 964 
555 656 610 
881 942 706 
560 529 542 
737 87 88 
104 105 916 
860 148 149 
103 784 102 
122 123 129 
454 805 871 
784 735 101 
814 122 130 
139 842 727 
579 645 968 
596 702 529 
122 129 130 
86 87 880 
132 133 730 
895 590 759 
581 555 909 
885 541 609 
723 96 936 
672 795 559 
842 139 140 
537 547 591 
135 136 835 
455 452 878 
137 769 136 
472 473 707 
706 942 610 
835 136 769 
102 784 101 
814 130 131 
453 454 849 
101 735 100 
821 98 952 
774 397 676 
849 863 925 
96 723 95 
489 319 523 
95 723 94 
98 99 952 
521 124 527 
98 821 97 
488 701 487 
581 563 535 
975 357 908 
66 884 765 
127 527 125 
815 546 545 
456 708 882 
699 243 902 
189 190 932 
590 621 546 
380 381 911 
972 580 936 
76 841 75 
864 691 191 
222 223 855 
189 691 188 
552 655 719 
691 843 188 
189 932 691 
743 605 783 
235 236 754 
177 178 920 
790 176 731 
731 176 920 
45 670 44 
621 590 684 
844 174 790 
895 171 684 
186 692 185 
568 532 779 
578 967 966 
185 692 184 
149 150 740 
591 608 537 
508 683 507 
193 194 879 
716 163 164 
681 879 195 
584 742 712 
202 195 196 
939 264 775 
769 574 563 
575 691 864 
197 198 200 
553 767 639 
62 712 61 
199 200 198 
674 774 612 
197 200 196 
724 743 505 
201 196 200 
40 41 739 
201 202 196 
575 681 627 
800 683 508 
697 583 771 
823 681 195 
205 206 209 
139 727 138 
209 207 208 
207 209 206 
742 58 59 
209 760 205 
702 742 584 
184 692 183 
566 757 653 
879 194 195 
757 624 816 
209 210 760 
702 541 529 
825 726 725 
714 182 833 
831 224 225 
182 183 833 
883 180 714 
608 764 883 
538 550 564 
223 224 855 
832 224 831 
222 855 728 
831 649 832 
529 560 531 
756 225 226 
675 598 756 
559 633 528 
675 852 229 
551 738 758 
810 173 621 
230 231 786 
566 624 757 
777 383 384 
752 231 232 
231 752 786 
284 653 283 
852 227 228 
247 249 733 
228 229 852 
531 560 607 
764 178 179 
696 210 865 
903 861 659 
874 213 214 
962 963 436 
893 803 635 
221 222 728 
510 511 933 
646 573 711 
216 874 215 
826 52 53 
626 573 726 
215 874 214 
809 15 16 
216 217 874 
752 232 233 
930 450 442 
598 649 756 
620 786 752 
765 63 64 
754 752 235 
213 781 212 
218 781 874 
944 945 772 
220 221 781 
781 218 219 
202 823 195 
825 471 824 
597 648 556 
255 829 941 
226 227 852 
678 619 766 
212 865 211 
576 692 627 
788 717 565 
774 396 397 
629 844 790 
265 266 834 
642 754 238 
789 327 328 
240 241 718 
843 187 188 
325 326 888 
477 904 476 
565 564 605 
323 623 724 
520 847 526 
568 779 543 
321 322 724 
725 726 573 
91 836 90 
712 742 59 
135 835 134 
320 489 523 
489 320 506 
567 540 614 
866 588 544 
490 522 524 
738 551 530 
464 869 763 
506 320 321 
454 850 849 
771 922 697 
743 504 505 
539 613 582 
505 506 321 
319 524 522 
91 92 836 
812 721 339 
661 90 836 
490 318 522 
88 89 876 
502 503 743 
724 505 321 
318 490 525 
499 931 498 
319 489 524 
783 501 743 
697 509 510 
272 273 938 
323 324 787 
526 126 520 
294 295 700 
557 718 592 
743 501 502 
734 633 792 
807 418 419 
460 751 459 
503 504 743 
605 564 673 
783 499 500 
544 616 546 
811 593 647 
811 293 294 
729 296 297 
729 295 296 
864 191 192 
640 554 708 
598 537 649 
964 129 123 
811 877 293 
961 686 638 
787 623 323 
317 926 927 
650 957 958 
317 927 918 
869 464 465 
525 926 318 
525 491 926 
927 492 693 
479 813 478 
924 434 435 
315 316 918 
358 359 818 
797 307 309 
881 689 121 
314 917 313 
666 940 907 
311 312 313 
310 917 693 
720 603 746 
309 310 693 
917 314 918 
920 591 731 
308 309 307 
323 724 322 
607 753 705 
693 797 309 
944 772 569 
493 306 797 
511 512 770 
704 750 617 
934 404 405 
303 495 496 
848 495 303 
497 889 496 
606 633 734 
785 777 618 
298 299 782 
300 889 299 
567 614 652 
292 290 291 
729 782 577 
567 762 945 
75 822 74 
723 580 937 
304 305 848 
739 39 40 
848 306 493 
39 739 709 
304 848 303 
448 449 863 
889 301 496 
882 594 701 
496 302 303 
496 301 302 
515 900 694 
936 96 97 
497 498 889 
782 299 889 
739 670 602 
620 754 642 
493 494 848 
640 793 554 
66 765 65 
144 145 722 
862 659 861 
528 704 617 
723 937 93 
922 625 800 
976 359 950 
699 592 718 
683 545 589 
613 652 749 
571 589 536 
717 538 565 
648 829 830 
592 571 548 
657 733 597 
796 518 507 
953 417 750 
697 933 663 
572 955 549 
870 899 259 
899 870 770 
749 652 834 
840 260 261 
694 513 514 
259 899 258 
540 583 614 
694 257 258 
648 830 900 
762 538 549 
247 733 246 
577 564 550 
516 875 515 
770 870 663 
399 400 802 
699 241 242 
557 537 598 
641 571 556 
457 458 947 
548 536 537 
354 355 898 
752 754 620 
853 240 718 
238 239 853 
791 552 631 
241 699 718 
557 642 718 
659 862 568 
941 254 255 
714 180 181 
657 597 556 
249 798 733 
680 23 24 
245 246 733 
202 203 823 
760 696 627 
761 798 250 
576 627 696 
956 961 957 
248 249 247 
667 928 857 
250 798 249 
646 725 573 
733 657 902 
548 571 536 
251 761 250 
724 623 565 
278 757 277 
468 766 467 
970 280 820 
644 740 703 
582 566 539 
758 487 701 
744 274 816 
801 680 630 
970 278 279 
695 815 772 
277 757 816 
820 280 281 
652 614 775 
890 287 288 
289 290 877 
237 754 236 
286 287 890 
285 286 890 
738 530 586 
820 282 283 
820 653 970 
741 765 609 
562 755 644 
815 695 533 
740 150 151 
890 891 284 
772 945 946 
755 599 974 
877 647 959 
637 559 528 
261 262 840 
882 551 594 
775 264 265 
132 730 909 
663 870 840 
769 563 658 
256 829 255 
875 660 641 
253 941 798 
251 252 761 
617 595 528 
262 263 939 
709 668 929 
850 637 849 
275 276 816 
547 629 591 
652 613 567 
571 660 914 
294 700 811 
533 563 534 
583 663 840 
682 861 85 
965 272 938 
270 271 965 
661 954 572 
904 778 476 
269 749 268 
269 270 965 
416 953 415 
419 420 807 
834 268 749 
939 263 264 
120 773 119 
584 741 609 
267 834 266 
754 237 238 
922 943 625 
108 773 689 
825 561 717 
698 775 614 
260 870 259 
708 777 640 
662 578 778 
778 578 966 
813 794 799 
779 587 543 
596 780 702 
826 780 639 
220 781 219 
728 781 221 
782 498 931 
297 782 729 
783 500 501 
673 783 605 
784 103 104 
735 784 610 
618 751 785 
751 669 911 
620 675 786 
675 229 786 
888 787 325 
787 888 788 
626 726 788 
717 788 726 
711 789 330 
626 888 789 
790 175 176 
621 844 629 
809 791 15 
552 791 654 
792 411 412 
559 795 633 
948 387 388 
554 793 671 
666 587 794 
799 587 779 
409 792 795 
633 795 792 
683 589 796 
913 914 660 
693 492 797 
493 797 492 
941 253 254 
733 798 597 
587 799 794 
662 905 960 
509 697 922 
683 800 625 
680 801 23 
732 801 630 
802 400 401 
676 802 634 
10 803 9 
667 635 803 
372 804 371 
804 636 976 
650 600 805 
600 806 871 
600 529 806 
529 531 806 
617 807 655 
418 807 750 
588 808 713 
747 808 604 
17 809 16 
791 809 654 
173 810 172 
621 684 810 
593 811 700 
877 811 647 
341 342 812 
812 342 343 
794 813 483 
662 904 905 
909 131 132 
814 555 610 
772 815 569 
815 533 544 
816 276 277 
744 816 624 
971 391 392 
671 817 628 
818 359 976 
923 818 632 
910 376 377 
632 636 819 
282 820 281 
283 653 820 
972 821 656 
936 580 723 
665 643 822 
73 822 643 
867 203 204 
627 681 823 
707 824 472 
824 622 825 
561 825 622 
717 726 825 
780 826 54 
767 826 639 
643 715 827 
715 71 827 
646 678 828 
766 828 678 
830 256 257 
829 648 941 
694 830 257 
515 875 900 
756 831 225 
832 649 651 
651 833 887 
855 576 728 
692 887 183 
714 833 651 
834 267 268 
775 834 652 
581 835 658 
133 835 730 
838 836 92 
661 836 954 
838 92 937 
845 955 695 
937 92 93 
955 954 838 
563 839 535 
695 837 839 
262 698 840 
583 840 698 
906 77 78 
664 665 841 
599 842 685 
727 842 574 
575 843 691 
186 843 692 
844 621 173 
946 695 772 
762 549 845 
846 125 847 
127 125 846 
848 305 306 
495 848 494 
454 871 850 
637 630 863 
806 531 850 
559 850 531 
20 732 851 
856 732 595 
675 756 852 
226 852 756 
718 642 853 
238 853 642 
719 655 854 
807 854 655 
224 832 855 
576 855 832 
732 856 851 
595 552 856 
857 432 433 
857 635 667 
858 374 375 
804 858 636 
859 49 50 
686 859 638 
740 860 149 
755 860 644 
85 861 84 
862 861 682 
682 579 862 
532 862 579 
449 710 925 
637 863 849 
879 192 193 
575 864 681 
781 865 212 
576 865 728 
588 866 604 
544 562 866 
627 867 760 
823 203 867 
763 669 868 
460 868 669 
766 619 869 
763 869 619 
870 260 840 
512 899 770 
600 871 805 
850 871 806 
350 872 349 
334 335 872 
337 873 336 
721 347 873 
218 874 217 
781 213 874 
875 516 913 
900 875 641 
90 876 89 
737 876 645 
292 877 290 
959 892 289 
956 452 710 
805 878 650 
681 864 879 
192 879 864 
87 737 880 
737 682 880 
881 122 942 
916 881 706 
708 554 882 
551 882 554 
608 883 714 
764 179 883 
748 611 884 
884 611 885 
611 558 885 
530 885 558 
551 886 530 
529 886 542 
576 832 887 
651 887 832 
789 888 327 
888 626 788 
782 889 498 
301 889 300 
892 890 288 
890 892 891 
566 891 688 
653 284 891 
288 289 892 
959 289 877 
635 677 893 
893 677 894 
4 5 894 
893 894 5 
590 895 684 
168 895 759 
144 722 896 
722 146 974 
606 897 704 
413 897 734 
711 898 768 
332 898 331 
513 694 899 
899 694 258 
900 641 556 
900 830 694 
448 901 447 
680 24 901 
902 244 245 
699 902 657 
615 903 659 
776 81 903 
905 478 813 
778 904 662 
478 905 904 
813 799 905 
906 79 80 
841 906 664 
487 758 907 
758 666 907 
923 358 818 
619 678 908 
581 909 730 
814 131 909 
632 910 746 
819 376 910 
911 785 751 
720 380 911 
118 912 117 
773 110 912 
517 518 914 
875 913 660 
796 589 914 
571 914 589 
550 915 593 
566 915 539 
881 916 689 
104 916 706 
313 917 311 
918 314 315 
317 918 316 
917 918 693 
425 919 424 
631 919 736 
178 764 920 
591 920 764 
793 640 921 
777 921 640 
922 800 509 
922 771 943 
603 923 632 
908 923 619 
894 924 3 
434 924 677 
849 925 453 
863 449 925 
926 491 927 
317 318 926 
492 927 491 
693 918 927 
857 928 430 
745 928 667 
445 929 443 
930 668 602 
668 930 929 
957 961 553 
783 931 499 
577 931 673 
511 770 933 
191 691 932 
663 933 770 
949 405 406 
935 934 672 
672 559 935 
607 935 559 
97 821 936 
936 821 972 
580 839 937 
838 937 839 
744 687 938 
965 938 687 
775 698 939 
262 939 698 
940 485 486 
666 794 940 
648 597 941 
798 941 597 
122 814 942 
814 610 942 
944 943 771 
569 943 944 
771 540 944 
945 944 540 
567 945 540 
946 945 762 
762 845 946 
695 946 845 
751 947 458 
708 947 618 
948 389 390 
793 948 671 
949 407 408 
934 949 672 
976 950 690 
359 360 950 
759 951 166 
616 716 951 
735 656 952 
821 952 656 
750 704 953 
897 953 704 
836 838 954 
955 838 837 
695 955 837 
549 955 845 
930 956 710 
957 650 956 
961 956 930 
957 553 958 
553 639 958 
596 958 639 
915 959 647 
688 892 959 
799 779 960 
578 960 779 
930 602 961 
686 961 602 
963 38 709 
30 962 436 
38 963 962 
709 445 963 
519 128 964 
613 965 687 
269 965 749 
967 578 532 
561 622 966 
968 967 532 
561 966 967 
579 968 532 
968 570 969 
570 549 969 
969 549 538 
970 279 280 
653 757 970 
971 817 391 
585 971 674 
656 555 972 
580 973 535 
972 555 973 
581 973 555 
755 974 146 
685 974 599 
908 678 975 
975 678 646 
804 976 690 
976 636 818 
